 |  | CAPEX  -  Inclusão Catador
 |  | Reforma e manutenção das Unidades de Triagem Local pré-existente
 |  |  |  | Ano 1 | Manutenção a cada 5 anos
 |  | Município |  | Valor | Valor
 |  | UTL Rio Paranaíba |  | 250128 | 29622
 |  | UTL Coromandel |  | 250128 | 29622
 |  | Custo de elaboração e aprovação dos projetos executivos |  | 25012.800000000003 | 0
 |  | Custo de renovação do licenciamento ambiental |  | 10265.2 | 10265.2
 |  | Total |  | 535534 | 69509.2
 |  | Ano | Valor (R$)
 |  | 1 | 535534
 |  | 5 | 69509.2
 |  | 10 | 69509.2
 |  | 15 | 69509.2
 |  | 20 | 69509.2
 |  | 25 | 69509.2
 |  | 30 | 69509.2
 |  | Aquisição de equipamentos, máquinas e veículos (a cada 10 anos)
 |  | TIIPO |  | PREÇO UNITÁRIO | QUANTIDADE | CUSTO DE AQUISIÇÃO
 |  | Esteira de seleção |  | 106750 | 2 | 213500
 |  | Prensa Enfardadeira |  | 13999 | 4 | 55996
 |  | Balança  |  | 5930 | 2 | 11860
 |  | Empilhadeira mecânica |  | 98800 | 2 | 197600
 |  | Carrinho |  | 196.73 | 6 | 1180.3799999999999
 |  | Total |  |  |  | 480136.38
 |  | Investimento e Reinvestimentos:
 |  | Ano | Valor (R$)
 |  | 1 | 480136.38
 |  | 10 | 480136.38
 |  | 20 | 480136.38
 |  | CAPEX - Inclusão Catador
 |  |  | TOTAL | 1 | 2 | 3 | 4 | 5 | 6 | 7 | 8 | 9 | 10 | 11 | 12 | 13 | 14 | 15 | 16 | 17 | 18 | 19 | 20 | 21 | 22 | 23 | 24 | 25 | 26 | 27 | 28 | 29 | 30 | 31 | 32 | 33 | 34 | 35
 |  | Reforma de UTRs  | 952589.1999999997 | 535534 | 0 | 0 | 0 | 69509.2 | 0 | 0 | 0 | 0 | 69509.2 | 0 | 0 | 0 | 0 | 69509.2 | 0 | 0 | 0 | 0 | 69509.2 | 0 | 0 | 0 | 0 | 69509.2 | 0 | 0 | 0 | 0 | 69509.2 | 0 | 0 | 0 | 0 | 0
 |  | Aquisição de equipamentos de reciclagem | 1440409.1400000001 | 480136.38 | 0 | 0 | 0 | 0 | 0 | 0 | 0 | 0 | 480136.38 | 0 | 0 | 0 | 0 | 0 | 0 | 0 | 0 | 0 | 480136.38 | 0 | 0 | 0 | 0 | 0 | 0 | 0 | 0 | 0 | 0 | 0 | 0 | 0 | 0 | 0
 |  | Total | 2392998.34 | 1015670.38 | 0 | 0 | 0 | 69509.2 | 0 | 0 | 0 | 0 | 549645.58 | 0 | 0 | 0 | 0 | 69509.2 | 0 | 0 | 0 | 0 | 549645.58 | 0 | 0 | 0 | 0 | 69509.2 | 0 | 0 | 0 | 0 | 69509.2 | 0 | 0 | 0 | 0 | 0
 |  | CAPEX - Anexo 6 - POR MUNICÍPIO
 |  | COLETA | TOTAL | 1 | 2 | 3 | 4 | 5 | 6 | 7 | 8 | 9 | 10 | 11 | 12 | 13 | 14 | 15 | 16 | 17 | 18 | 19 | 20 | 21 | 22 | 23 | 24 | 25 | 26 | 27 | 28 | 29 | 30 | 31 | 32 | 33 | 34 | 35
 |  | Arapuá | 16337.414595430746 | 6934.157794007786 | 0 | 0 | 0 | 474.5513607822707 | 0 | 0 | 0 | 0 | 3752.525679146939 | 0 | 0 | 0 | 0 | 474.5513607822707 | 0 | 0 | 0 | 0 | 3752.525679146939 | 0 | 0 | 0 | 0 | 474.5513607822707 | 0 | 0 | 0 | 0 | 474.5513607822707 | 0 | 0 | 0 | 0 | 0
 |  | Coromandel | 206907.5059863712 | 87818.62557833196 | 0 | 0 | 0 | 6010.023063830406 | 0 | 0 | 0 | 0 | 47524.39407635882 | 0 | 0 | 0 | 0 | 6010.023063830406 | 0 | 0 | 0 | 0 | 47524.39407635882 | 0 | 0 | 0 | 0 | 6010.023063830406 | 0 | 0 | 0 | 0 | 6010.023063830406 | 0 | 0 | 0 | 0 | 0
 |  | Cruzeiro da Fortaleza | 24786.217674647116 | 10520.118925101951 | 0 | 0 | 0 | 719.9629572624699 | 0 | 0 | 0 | 0 | 5693.1234602476425 | 0 | 0 | 0 | 0 | 719.9629572624699 | 0 | 0 | 0 | 0 | 5693.1234602476425 | 0 | 0 | 0 | 0 | 719.9629572624699 | 0 | 0 | 0 | 0 | 719.9629572624699 | 0 | 0 | 0 | 0 | 0
 |  | Guimarânia | 66136.08695347302 | 28070.418372186163 | 0 | 0 | 0 | 1921.0487606382321 | 0 | 0 | 0 | 0 | 15190.736769366964 | 0 | 0 | 0 | 0 | 1921.0487606382321 | 0 | 0 | 0 | 0 | 15190.736769366964 | 0 | 0 | 0 | 0 | 1921.0487606382321 | 0 | 0 | 0 | 0 | 1921.0487606382321 | 0 | 0 | 0 | 0 | 0
 |  | Lagoa Formosa | 143635.43904011592 | 60963.79529930697 | 0 | 0 | 0 | 4172.165225708944 | 0 | 0 | 0 | 0 | 32991.491418986596 | 0 | 0 | 0 | 0 | 4172.165225708944 | 0 | 0 | 0 | 0 | 32991.491418986596 | 0 | 0 | 0 | 0 | 4172.165225708944 | 0 | 0 | 0 | 0 | 4172.165225708944 | 0 | 0 | 0 | 0 | 0
 |  | Patos de Minas | 1590019.189351873 | 674858.5518267886 | 0 | 0 | 0 | 46185.13936641395 | 0 | 0 | 0 | 0 | 365210.0400297144 | 0 | 0 | 0 | 0 | 46185.13936641395 | 0 | 0 | 0 | 0 | 365210.0400297144 | 0 | 0 | 0 | 0 | 46185.13936641395 | 0 | 0 | 0 | 0 | 46185.13936641395 | 0 | 0 | 0 | 0 | 0
 |  | Presidente Olegário | 129833.84904902976 | 55105.928239169065 | 0 | 0 | 0 | 3771.271726130332 | 0 | 0 | 0 | 0 | 29821.41695266968 | 0 | 0 | 0 | 0 | 3771.271726130332 | 0 | 0 | 0 | 0 | 29821.41695266968 | 0 | 0 | 0 | 0 | 3771.271726130332 | 0 | 0 | 0 | 0 | 3771.271726130332 | 0 | 0 | 0 | 0 | 0
 |  | Rio Paranaíba | 118285.41257428218 | 50204.37663060725 | 0 | 0 | 0 | 3435.8253669780206 | 0 | 0 | 0 | 0 | 27168.867237881415 | 0 | 0 | 0 | 0 | 3435.8253669780206 | 0 | 0 | 0 | 0 | 27168.867237881415 | 0 | 0 | 0 | 0 | 3435.8253669780206 | 0 | 0 | 0 | 0 | 3435.8253669780206 | 0 | 0 | 0 | 0 | 0
 |  | Serra do Salitre | 97057.224774777 | 41194.40733450035 | 0 | 0 | 0 | 2819.2121722553843 | 0 | 0 | 0 | 0 | 22292.98437562755 | 0 | 0 | 0 | 0 | 2819.2121722553843 | 0 | 0 | 0 | 0 | 22292.98437562755 | 0 | 0 | 0 | 0 | 2819.2121722553843 | 0 | 0 | 0 | 0 | 2819.2121722553843 | 0 | 0 | 0 | 0 | 0
 |  | TOTAL | 2392998.3400000003 | 1015670.3800000001 | 0 | 0 | 0 | 69509.20000000001 | 0 | 0 | 0 | 0 | 549645.5800000001 | 0 | 0 | 0 | 0 | 69509.20000000001 | 0 | 0 | 0 | 0 | 549645.5800000001 | 0 | 0 | 0 | 0 | 69509.20000000001 | 0 | 0 | 0 | 0 | 69509.20000000001 | 0 | 0 | 0 | 0 | 0
 |  | Rateio - Por resíduos  (envio à CTR)
 |  | Municípios |  | %
 |  | Arapuá |  | 0.006827173392619549
 |  | Coromandel |  | 0.08646370644217465
 |  | Cruzeiro da Fortaleza |  | 0.010357808135649236
 |  | Guimarânia |  | 0.027637330894877687
 |  | Lagoa Formosa |  | 0.06002320880845907
 |  | Patos de Minas |  | 0.6644464238750258
 |  | Presidente Olegário |  | 0.054255720482041685
 |  | Rio Paranaíba |  | 0.04942979299111514
 |  | Serra do Salitre |  | 0.040558834978037216
 |  | TOTAL |  | 1
[59 linhas]
