 |  | CAPEX Coleta
 |  | Dimensionamento - Coleta Convencional - Frota de Veículos - Quantidade
 |  | Municípios | Destinação  | Pré-operacional |  |  |  |  |  | Reinvestimentos
 |  |  |  | Caminhão
 | Compactador 15 m³ | Contenedor 
1000 litros - Zona Rural | Valor 
Caminhão  | Valor 
Compactador | Valor 
Contenedor  | Caminhão
 | Compactador 15 m³ | Contenedor 
1000 litros - Zona Rural | Valor 
Caminhão  | Valor 
Compactador | Valor 
Contenedor
 |  | Arapuá | Transbordo Arapuá | 1 | 1 | 2 | 509998.33 | 181297.36 | 20395.18 | 1 | 1 | 2 | 509998.33 | 181297.36 | 20395.18
 |  | Rio Paranaíba |  | 0 | 0 | 11 |  |  |  | 0 | 0 | 11
 |  | Coromandel | Transbordo Coromandel | 2 | 2 | 15 | 1019996.66 | 362594.72 | 23532.899999999998 | 2 | 2 | 15 | 1019996.66 | 362594.72 | 23532.899999999998
 |  | Cruzeiro da Fortaleza | Transbordo Guimarânia | 2 | 2 | 2 | 1019996.66 | 362594.72 | 25101.76 | 2 | 2 | 2 | 1019996.66 | 362594.72 | 25101.76
 |  | Guimarânia |  | 0 | 0 | 5 |  |  |  | 0 | 0 | 5
 |  | Serra do Salitre |  | 0 | 0 | 9 |  |  |  | 0 | 0 | 9
 |  | Presidente Olegário | Transbordo Presidente Olegário | 0 | 0 | 0 | 0 | 0 | 0 | 0 | 0 | 0 | 0 | 0 | 0
 |  | Lagoa Formosa | UTM | 2 | 2 | 12 | 1019996.66 | 362594.72 | 18826.32 | 2 | 2 | 11 | 1019996.66 | 362594.72 | 17257.46
 |  | Patos de Minas | UTM | 10 | 10 | 38 | 5099983.3 | 1812973.5999999999 | 59616.67999999999 | 9 | 9 | 37 | 4589984.97 | 1631676.2399999998 | 58047.82
 |  | Reserva Técnica |  | 0 | 0 | 0 | 0 | 0 | 0 | 0 | 0 | 0 | 0 | 0 | 0
 |  | Total |  | 17 | 17 | 94 | 8669971.61 | 3082055.12 | 147472.84 | 16 | 16 | 92 | 8159973.279999999 | 2900757.76 | 144335.12
 |  | Preço de Aquisição/reposição (em R$): |  | 509998.33 | 181297.36 | 1568.86 |  |  |  | 509998.33 | 181297.36 | 1568.86
 |  | Vida útil dos veículos (em anos): |  | 8 | 8 | 5 |  |  |  | 8 | 8 | 5
 |  | Ano | Caminhão
Valores (em R$) | Compactador
Valores (em R$) | Contenedor
Valores (em R$) | TOTAL
 |  | 1 | 8669971.61 | 3082055.12 | 147472.84 | 11899499.57
 |  | 6 | 0 | 0 | 144335.12 | 144335.12
 |  | 9 | 8159973.279999999 | 2900757.76 | 0 | 11060731.04
 |  | 11 | 0 | 0 | 144335.12 | 144335.12
 |  | 16 | 0 | 0 | 144335.12 | 144335.12
 |  | 17 | 8159973.279999999 | 2900757.76 | 0 | 11060731.04
 |  | 21 | 0 | 0 | 144335.12 | 144335.12
 |  | 25 | 8159973.279999999 | 2900757.76 | 0 | 11060731.04
 |  | 26 | 0 | 0 | 144335.12 | 144335.12
 |  | Veículos e equipamentos coleta seletiva
 |  | DISCRIMINAÇÃO | VALOR  | QUANTIDADE | VALOR TOTAL
 |  | Chassi 10 t PBT + Adaptação da Gaiola 
 | 479674.55 | 6 | 2878047.3
 |  | Contenedor 1000 litros | 1568.86 | 51 | 80011.86
 |  | Total |  |  | 2958059.1599999997
 |  | Investimento e  Reinvestimentos: Chassi 10t PBT |  |  | Investimento e Reinvestimentos: Contenedor
 |  | Ano | Valor (R$) |  | Ano | Valor (R$)
 |  | 1 | 2878047.3 |  | 1 | 80011.86
 |  | 9 | 2878047.3 |  | 8 | 80011.86
 |  | 17 | 2878047.3 |  | 16 | 80011.86
 |  | 25 | 2878047.3 |  | 24 | 80011.86
 |  | Coleta de orgânicos
 |  | Equipamentos |  | Quantidade | Preço Unitário
(R$) | TOTAL
 |  | Chassi |  | 6 | 407681 | 2446086
 |  | Compactador |  | 6 | 132142.86 | 792857.1599999999
 |  | Total |  |  |  | 3238943.16
 |  | Investimento e  Reinvestimentos
 |  | Ano |  | Chassi
Valor (R$) | Compactador 
Valor (R$) | TOTAL
 |  | 7 |  | 2446086 | 792857.1599999999 | 3238943.16
 |  | 15 |  | 2446086 | 792857.1599999999 | 3238943.16
 |  | 23 |  | 2446086 | 792857.1599999999 | 3238943.16
 |  | Total |  | 7338258 | 2378571.4799999995 | 9716829.48
 |  | CAPEX - Coleta
 |  |  | TOTAL | 1 | 2 | 3 | 4 | 5 | 6 | 7 | 8 | 9 | 10 | 11 | 12 | 13 | 14 | 15 | 16 | 17 | 18 | 19 | 20 | 21 | 22 | 23 | 24 | 25 | 26 | 27 | 28 | 29 | 30
 |  | Veículos e equipamentos - coleta convencional e containers zona rural | 45803368.28999999 | 11899499.57 | 0 | 0 | 0 | 0 | 144335.12 | 0 | 0 | 11060731.04 | 0 | 144335.12 | 0 | 0 | 0 | 0 | 144335.12 | 11060731.04 | 0 | 0 | 0 | 144335.12 | 0 | 0 | 0 | 11060731.04 | 144335.12 | 0 | 0 | 0 | 0
 |  | Veículos e equipamentos - coleta seletiva | 11512189.2 | 2878047.3 | 0 | 0 | 0 | 0 | 0 | 0 | 0 | 2878047.3 | 0 | 0 | 0 | 0 | 0 | 0 | 0 | 2878047.3 | 0 | 0 | 0 | 0 | 0 | 0 | 0 | 2878047.3 | 0 | 0 | 0 | 0 | 0
 |  | Container 1000lts - coleta seletiva | 320047.44 | 80011.86 | 0 | 0 | 0 | 0 | 0 | 0 | 80011.86 | 0 | 0 | 0 | 0 | 0 | 0 | 0 | 80011.86 | 0 | 0 | 0 | 0 | 0 | 0 | 0 | 80011.86 | 0 | 0 | 0 | 0 | 0 | 0
 |  | Veículos e equip. e container - coleta orgâncios | 9716829.48 | 0 | 0 | 0 | 0 | 0 | 0 | 3238943.16 | 0 | 0 | 0 | 0 | 0 | 0 | 0 | 3238943.16 | 0 | 0 | 0 | 0 | 0 | 0 | 0 | 3238943.16 | 0 | 0 | 0 | 0 | 0 | 0 | 0
 |  | Total | 67352434.41 | 14857558.73 | 0 | 0 | 0 | 0 | 144335.12 | 3238943.16 | 80011.86 | 13938778.34 | 0 | 144335.12 | 0 | 0 | 0 | 3238943.16 | 224346.97999999998 | 13938778.34 | 0 | 0 | 0 | 144335.12 | 0 | 3238943.16 | 80011.86 | 13938778.34 | 144335.12 | 0 | 0 | 0 | 0
 |  | CAPEX COLETA - COLETA - POR ANO |  | 2026 | 2027 | 2028 | 2029 | 2030 | 2031 | 2032 | 2033 | 2034 | 2035 | 2036 | 2037 | 2038 | 2039 | 2040 | 2041 | 2042 | 2043 | 2044 | 2045 | 2046 | 2047 | 2048 | 2049 | 2050 | 2051 | 2052 | 2053 | 2054 | 2055
 |  |  | TOTAL | 1 | 2 | 3 | 4 | 5 | 6 | 7 | 8 | 9 | 10 | 11 | 12 | 13 | 14 | 15 | 16 | 17 | 18 | 19 | 20 | 21 | 22 | 23 | 24 | 25 | 26 | 27 | 28 | 29 | 30
 |  | Coleta Convencional | 45803368.29 | 11899499.57 | 0 | 0 | 0 | 0 | 144335.12 | 0 | 0 | 11060731.04 | 0 | 144335.12 | 0 | 0 | 0 | 0 | 144335.12 | 11060731.04 | 0 | 0 | 0 | 144335.12 | 0 | 0 | 0 | 11060731.04 | 144335.12 | 0 | 0 | 0 | 0
 |  | Transbordo Arapuá | 2887553.8400000003 | 711690.87 | 0 | 0 | 0 | 0 | 20395.18 | 0 | 0 | 691295.69 | 0 | 20395.18 | 0 | 0 | 0 | 0 | 20395.18 | 691295.69 | 0 | 0 | 0 | 20395.18 | 0 | 0 | 0 | 691295.69 | 20395.18 | 0 | 0 | 0 | 0
 |  | Transbordo Coromandel | 5671562.92 | 1406124.2799999998 | 0 | 0 | 0 | 0 | 23532.899999999998 | 0 | 0 | 1382591.38 | 0 | 23532.899999999998 | 0 | 0 | 0 | 0 | 23532.899999999998 | 1382591.38 | 0 | 0 | 0 | 23532.899999999998 | 0 | 0 | 0 | 1382591.38 | 23532.899999999998 | 0 | 0 | 0 | 0
 |  | Transbordo Guimarânia | 5680976.079999999 | 1407693.14 | 0 | 0 | 0 | 0 | 25101.76 | 0 | 0 | 1382591.38 | 0 | 25101.76 | 0 | 0 | 0 | 0 | 25101.76 | 1382591.38 | 0 | 0 | 0 | 25101.76 | 0 | 0 | 0 | 1382591.38 | 25101.76 | 0 | 0 | 0 | 0
 |  | Transbordo Presidente Olegário | 0 | 0 | 0 | 0 | 0 | 0 | 0 | 0 | 0 | 0 | 0 | 0 | 0 | 0 | 0 | 0 | 0 | 0 | 0 | 0 | 0 | 0 | 0 | 0 | 0 | 0 | 0 | 0 | 0 | 0 | 0
 |  | Transporte direto ao destino final | 31563275.45 | 8373991.279999999 | 0 | 0 | 0 | 0 | 75305.28 | 0 | 0 | 7604252.59 | 0 | 75305.28 | 0 | 0 | 0 | 0 | 75305.28 | 7604252.59 | 0 | 0 | 0 | 75305.28 | 0 | 0 | 0 | 7604252.59 | 75305.28 | 0 | 0 | 0 | 0
 |  | TOTAL COLETA | 45803368.28999999 | 11899499.57 | 0 | 0 | 0 | 0 | 144335.12 | 0 | 0 | 11060731.04 | 0 | 144335.12 | 0 | 0 | 0 | 0 | 144335.12 | 11060731.04 | 0 | 0 | 0 | 144335.12 | 0 | 0 | 0 | 11060731.04 | 144335.12 | 0 | 0 | 0 | 0
 |  | CAPEX COLETA - POR MUNICÍPIO - POR ANO
 |  |  | TOTAL | 1 | 2 | 3 | 4 | 5 | 6 | 7 | 8 | 9 | 10 | 11 | 12 | 13 | 14 | 15 | 16 | 17 | 18 | 19 | 20 | 21 | 22 | 23 | 24 | 25 | 26 | 27 | 28 | 29 | 30
 |  | Arapuá | 350424.70316892467 | 86368.62745658234 | 0 | 0 | 0 | 0 | 2475.0966712976647 | 0 | 0 | 83893.53078528467 | 0 | 2475.0966712976647 | 0 | 0 | 0 | 0 | 2475.0966712976647 | 83893.53078528467 | 0 | 0 | 0 | 2475.0966712976647 | 0 | 0 | 0 | 83893.53078528467 | 2475.0966712976647 | 0 | 0 | 0 | 0
 |  | Rio Paranaíba | 2537129.136831075 | 625322.2425434176 | 0 | 0 | 0 | 0 | 17920.083328702334 | 0 | 0 | 607402.1592147152 | 0 | 17920.083328702334 | 0 | 0 | 0 | 0 | 17920.083328702334 | 607402.1592147152 | 0 | 0 | 0 | 17920.083328702334 | 0 | 0 | 0 | 607402.1592147152 | 17920.083328702334 | 0 | 0 | 0 | 0
 |  | Coromandel | 5671562.92 | 1406124.2799999998 | 0 | 0 | 0 | 0 | 23532.899999999998 | 0 | 0 | 1382591.38 | 0 | 23532.899999999998 | 0 | 0 | 0 | 0 | 23532.899999999998 | 1382591.38 | 0 | 0 | 0 | 23532.899999999998 | 0 | 0 | 0 | 1382591.38 | 23532.899999999998 | 0 | 0 | 0 | 0
 |  | Cruzeiro da Fortaleza | 749070.4449075682 | 185612.70313835432 | 0 | 0 | 0 | 0 | 3309.8161770755073 | 0 | 0 | 182302.8869612788 | 0 | 3309.8161770755073 | 0 | 0 | 0 | 0 | 3309.8161770755073 | 182302.8869612788 | 0 | 0 | 0 | 3309.8161770755073 | 0 | 0 | 0 | 182302.8869612788 | 3309.8161770755073 | 0 | 0 | 0 | 0
 |  | Guimarânia | 1998715.12180565 | 495263.0544749763 | 0 | 0 | 0 | 0 | 8831.451952872188 | 0 | 0 | 486431.60252210416 | 0 | 8831.451952872188 | 0 | 0 | 0 | 0 | 8831.451952872188 | 486431.60252210416 | 0 | 0 | 0 | 8831.451952872188 | 0 | 0 | 0 | 486431.60252210416 | 8831.451952872188 | 0 | 0 | 0 | 0
 |  | Serra do Salitre | 2933190.513286781 | 726817.3823866692 | 0 | 0 | 0 | 0 | 12960.491870052303 | 0 | 0 | 713856.8905166169 | 0 | 12960.491870052303 | 0 | 0 | 0 | 0 | 12960.491870052303 | 713856.8905166169 | 0 | 0 | 0 | 12960.491870052303 | 0 | 0 | 0 | 713856.8905166169 | 12960.491870052303 | 0 | 0 | 0 | 0
 |  | Presidente Olegário | 0 | 0 | 0 | 0 | 0 | 0 | 0 | 0 | 0 | 0 | 0 | 0 | 0 | 0 | 0 | 0 | 0 | 0 | 0 | 0 | 0 | 0 | 0 | 0 | 0 | 0 | 0 | 0 | 0 | 0 | 0
 |  | Patos de Minas | 28948218.87958615 | 7680195.702540299 | 0 | 0 | 0 | 0 | 69066.14402810723 | 0 | 0 | 6974230.818968437 | 0 | 69066.14402810723 | 0 | 0 | 0 | 0 | 69066.14402810723 | 6974230.818968437 | 0 | 0 | 0 | 69066.14402810723 | 0 | 0 | 0 | 6974230.818968437 | 69066.14402810723 | 0 | 0 | 0 | 0
 |  | Lagoa Formosa | 2615056.570413856 | 693795.5774597004 | 0 | 0 | 0 | 0 | 6239.135971892776 | 0 | 0 | 630021.7710315639 | 0 | 6239.135971892776 | 0 | 0 | 0 | 0 | 6239.135971892776 | 630021.7710315639 | 0 | 0 | 0 | 6239.135971892776 | 0 | 0 | 0 | 630021.7710315639 | 6239.135971892776 | 0 | 0 | 0 | 0
 |  | TOTAL COLETIVA CONVENCIONAL | 45803368.29000001 | 11899499.569999998 | 0 | 0 | 0 | 0 | 144335.12 | 0 | 0 | 11060731.040000001 | 0 | 144335.12 | 0 | 0 | 0 | 0 | 144335.12 | 11060731.040000001 | 0 | 0 | 0 | 144335.12 | 0 | 0 | 0 | 11060731.040000001 | 144335.12 | 0 | 0 | 0 | 0
 |  | CAPEX - Coleta Orgânicos e Reciclagem
 |  |  | TOTAL | 1 | 2 | 3 | 4 | 5 | 6 | 7 | 8 | 9 | 10 | 11 | 12 | 13 | 14 | 15 | 16 | 17 | 18 | 19 | 20 | 21 | 22 | 23 | 24 | 25 | 26 | 27 | 28 | 29 | 30
 |  | Arapuá | 150155.4396880107 | 20611.968579961253 | 0 | 0 | 0 | 0 | 0 | 22569.188456055224 | 557.5283843695197 | 20054.44019559173 | 0 | 0 | 0 | 0 | 0 | 22569.188456055224 | 557.5283843695197 | 20054.44019559173 | 0 | 0 | 0 | 0 | 0 | 22569.188456055224 | 557.5283843695197 | 20054.44019559173 | 0 | 0 | 0 | 0 | 0
 |  | Coromandel | 2012961.8874834604 | 276321.03947534494 | 0 | 0 | 0 | 0 | 0 | 302559.24319402676 | 7474.144068692586 | 268846.89540665236 | 0 | 0 | 0 | 0 | 0 | 302559.24319402676 | 7474.144068692586 | 268846.89540665236 | 0 | 0 | 0 | 0 | 0 | 302559.24319402676 | 7474.144068692586 | 268846.89540665236 | 0 | 0 | 0 | 0 | 0
 |  | Cruzeiro da Fortaleza | 231956.42336637867 | 31840.861178802414 | 0 | 0 | 0 | 0 | 0 | 34864.32621705633 | 861.2561105497883 | 30979.60506825263 | 0 | 0 | 0 | 0 | 0 | 34864.32621705633 | 861.2561105497883 | 30979.60506825263 | 0 | 0 | 0 | 0 | 0 | 34864.32621705633 | 861.2561105497883 | 30979.60506825263 | 0 | 0 | 0 | 0 | 0
 |  | Guimarânia | 630908.3688856639 | 86605.34379124625 | 0 | 0 | 0 | 0 | 0 | 94828.99790689297 | 2342.5679703704996 | 84262.77582087576 | 0 | 0 | 0 | 0 | 0 | 94828.99790689297 | 2342.5679703704996 | 84262.77582087576 | 0 | 0 | 0 | 0 | 0 | 94828.99790689297 | 2342.5679703704996 | 84262.77582087576 | 0 | 0 | 0 | 0 | 0
 |  | Lagoa Formosa | 1354041.1931129114 | 185870.41925624645 | 0 | 0 | 0 | 0 | 0 | 203519.83869597517 | 5027.566103063366 | 180842.85315318307 | 0 | 0 | 0 | 0 | 0 | 203519.83869597517 | 5027.566103063366 | 180842.85315318307 | 0 | 0 | 0 | 0 | 0 | 203519.83869597517 | 5027.566103063366 | 180842.85315318307 | 0 | 0 | 0 | 0 | 0
 |  | Patos de Minas | 15076796.189656528 | 2069605.0039437432 | 0 | 0 | 0 | 0 | 0 | 2266125.391293851 | 55980.26843751369 | 2013624.7355062296 | 0 | 0 | 0 | 0 | 0 | 2266125.391293851 | 55980.26843751369 | 2013624.7355062296 | 0 | 0 | 0 | 0 | 0 | 2266125.391293851 | 55980.26843751369 | 2013624.7355062296 | 0 | 0 | 0 | 0 | 0
 |  | Presidente Olegário | 0 | 0 | 0 | 0 | 0 | 0 | 0 | 0 | 0 | 0 | 0 | 0 | 0 | 0 | 0 | 0 | 0 | 0 | 0 | 0 | 0 | 0 | 0 | 0 | 0 | 0 | 0 | 0 | 0 | 0 | 0
 |  | Rio Paranaíba | 1167852.3780514833 | 160312.11771245764 | 0 | 0 | 0 | 0 | 0 | 175534.63573388424 | 4336.245499130816 | 155975.87221332683 | 0 | 0 | 0 | 0 | 0 | 175534.63573388424 | 4336.245499130816 | 155975.87221332683 | 0 | 0 | 0 | 0 | 0 | 175534.63573388424 | 4336.245499130816 | 155975.87221332683 | 0 | 0 | 0 | 0 | 0
 |  | Serra do Salitre | 924394.2397555643 | 126892.40606219751 | 0 | 0 | 0 | 0 | 0 | 138941.53850225807 | 3432.2834263097357 | 123460.12263588778 | 0 | 0 | 0 | 0 | 0 | 138941.53850225807 | 3432.2834263097357 | 123460.12263588778 | 0 | 0 | 0 | 0 | 0 | 138941.53850225807 | 3432.2834263097357 | 123460.12263588778 | 0 | 0 | 0 | 0 | 0
 |  | TOTAL | 21549066.119999997 | 2958059.1599999997 | 0 | 0 | 0 | 0 | 0 | 3238943.16 | 80011.86 | 2878047.3 | 0 | 0 | 0 | 0 | 0 | 3238943.16 | 80011.86 | 2878047.3 | 0 | 0 | 0 | 0 | 0 | 3238943.16 | 80011.86 | 2878047.3 | 0 | 0 | 0 | 0 | 0
 |  | CAPEX - TOTAL COLETA POR MUNICÍPIO
 |  |  | TOTAL | 1 | 2 | 3 | 4 | 5 | 6 | 7 | 8 | 9 | 10 | 11 | 12 | 13 | 14 | 15 | 16 | 17 | 18 | 19 | 20 | 21 | 22 | 23 | 24 | 25 | 26 | 27 | 28 | 29 | 30
 |  | Arapuá | 500580.1428569354 | 106980.59603654359 | 0 | 0 | 0 | 0 | 2475.0966712976647 | 22569.188456055224 | 557.5283843695197 | 103947.9709808764 | 0 | 2475.0966712976647 | 0 | 0 | 0 | 22569.188456055224 | 3032.6250556671844 | 103947.9709808764 | 0 | 0 | 0 | 2475.0966712976647 | 0 | 22569.188456055224 | 557.5283843695197 | 103947.9709808764 | 2475.0966712976647 | 0 | 0 | 0 | 0
 |  | Coromandel | 7684524.807483461 | 1682445.3194753448 | 0 | 0 | 0 | 0 | 23532.899999999998 | 302559.24319402676 | 7474.144068692586 | 1651438.2754066521 | 0 | 23532.899999999998 | 0 | 0 | 0 | 302559.24319402676 | 31007.044068692583 | 1651438.2754066521 | 0 | 0 | 0 | 23532.899999999998 | 0 | 302559.24319402676 | 7474.144068692586 | 1651438.2754066521 | 23532.899999999998 | 0 | 0 | 0 | 0
 |  | Cruzeiro da Fortaleza | 981026.8682739468 | 217453.56431715674 | 0 | 0 | 0 | 0 | 3309.8161770755073 | 34864.32621705633 | 861.2561105497883 | 213282.49202953142 | 0 | 3309.8161770755073 | 0 | 0 | 0 | 34864.32621705633 | 4171.072287625296 | 213282.49202953142 | 0 | 0 | 0 | 3309.8161770755073 | 0 | 34864.32621705633 | 861.2561105497883 | 213282.49202953142 | 3309.8161770755073 | 0 | 0 | 0 | 0
 |  | Guimarânia | 2629623.4906913135 | 581868.3982662226 | 0 | 0 | 0 | 0 | 8831.451952872188 | 94828.99790689297 | 2342.5679703704996 | 570694.3783429799 | 0 | 8831.451952872188 | 0 | 0 | 0 | 94828.99790689297 | 11174.019923242688 | 570694.3783429799 | 0 | 0 | 0 | 8831.451952872188 | 0 | 94828.99790689297 | 2342.5679703704996 | 570694.3783429799 | 8831.451952872188 | 0 | 0 | 0 | 0
 |  | Lagoa Formosa | 3969097.7635267675 | 879665.9967159468 | 0 | 0 | 0 | 0 | 6239.135971892776 | 203519.83869597517 | 5027.566103063366 | 810864.624184747 | 0 | 6239.135971892776 | 0 | 0 | 0 | 203519.83869597517 | 11266.702074956142 | 810864.624184747 | 0 | 0 | 0 | 6239.135971892776 | 0 | 203519.83869597517 | 5027.566103063366 | 810864.624184747 | 6239.135971892776 | 0 | 0 | 0 | 0
 |  | Patos de Minas | 44025015.06924267 | 9749800.706484042 | 0 | 0 | 0 | 0 | 69066.14402810723 | 2266125.391293851 | 55980.26843751369 | 8987855.554474667 | 0 | 69066.14402810723 | 0 | 0 | 0 | 2266125.391293851 | 125046.41246562092 | 8987855.554474667 | 0 | 0 | 0 | 69066.14402810723 | 0 | 2266125.391293851 | 55980.26843751369 | 8987855.554474667 | 69066.14402810723 | 0 | 0 | 0 | 0
 |  | Presidente Olegário | 0 | 0 | 0 | 0 | 0 | 0 | 0 | 0 | 0 | 0 | 0 | 0 | 0 | 0 | 0 | 0 | 0 | 0 | 0 | 0 | 0 | 0 | 0 | 0 | 0 | 0 | 0 | 0 | 0 | 0 | 0
 |  | Rio Paranaíba | 3704981.514882559 | 785634.3602558753 | 0 | 0 | 0 | 0 | 17920.083328702334 | 175534.63573388424 | 4336.245499130816 | 763378.0314280421 | 0 | 17920.083328702334 | 0 | 0 | 0 | 175534.63573388424 | 22256.32882783315 | 763378.0314280421 | 0 | 0 | 0 | 17920.083328702334 | 0 | 175534.63573388424 | 4336.245499130816 | 763378.0314280421 | 17920.083328702334 | 0 | 0 | 0 | 0
 |  | Serra do Salitre | 3857584.7530423463 | 853709.7884488667 | 0 | 0 | 0 | 0 | 12960.491870052303 | 138941.53850225807 | 3432.2834263097357 | 837317.0131525047 | 0 | 12960.491870052303 | 0 | 0 | 0 | 138941.53850225807 | 16392.775296362037 | 837317.0131525047 | 0 | 0 | 0 | 12960.491870052303 | 0 | 138941.53850225807 | 3432.2834263097357 | 837317.0131525047 | 12960.491870052303 | 0 | 0 | 0 | 0
 |  | TOTAL | 67352434.41 | 14857558.729999997 | 0 | 0 | 0 | 0 | 144335.12 | 3238943.16 | 80011.86 | 13938778.340000002 | 0 | 144335.12 | 0 | 0 | 0 | 3238943.16 | 224346.97999999998 | 13938778.340000002 | 0 | 0 | 0 | 144335.12 | 0 | 3238943.16 | 80011.86 | 13938778.340000002 | 144335.12 | 0 | 0 | 0 | 0
 |  | Rateio - Por resíduos coleta convencional
 |  |  | Municípios | Participação na Coleta | % 
Rateio por transbordo | % 
Ref. para cálculo
 |  | Transbordo 
Arapuá | Arapuá | Sim | 0.007218836571868378 | 0.006827173392619549
 |  |  | Rio Paranaíba | Sim | 0.05226549508320503 | 0.04942979299111514
 |  | Transbordo Coromandel | Coromandel | Sim | 0.09142398036628337 | 0.08646370644217465
 |  | Transbordo 
Guimarânia | Cruzeiro da Fortaleza | Sim | 0.010952017749373608 | 0.010357808135649236
 |  |  | Guimarânia | Sim | 0.029222836969169202 | 0.027637330894877687
 |  |  | Serra do Salitre | Sim | 0.042885625487166436 | 0.040558834978037216
 |  | Transbordo Presidente Olegário | Presidente Olegário | Não | 0 | 0
 |  |  | Patos de Minas | Sim | 0.7025645708517435 | 0.6644464238750258
 |  |  | Lagoa Formosa | Sim | 0.0634666369211904 | 0.06002320880845907
 |  | Total |  |  | 0.9999999999999999 | 0.9457442795179585
 |  | Reserva técnica rateada por RSD por todos os municípios
 |  | Rateio - Por resíduos coleta seletiva
 |  | Transbordo | Municípios | Participação na Coleta | % 
Rateio por transbordo | % 
Ref. para cálculo
 |  | Transbordo 
Arapuá | Arapuá | Sim | 0.006968071787976429 | 0.006611956219705872
 |  |  | Rio Paranaíba | Sim | 0.05419503432529647 | 0.05142530174597698
 |  | Transbordo Coromandel | Coromandel | Sim | 0.09341295238846574 | 0.08863891910697029
 |  | Transbordo 
Guimarânia | Cruzeiro da Fortaleza | Sim | 0.010764105603216678 | 0.010213987048119672
 |  |  | Guimarânia | Sim | 0.029277759201829574 | 0.027781467806864493
 |  |  | Serra do Salitre | Sim | 0.04289718332144429 | 0.04070484729498686
 |  | Transbordo Presidente Olegário | Presidente Olegário | Não | 0 | 0
 |  |  | Patos de Minas | Sim | 0.6996496324109162 | 0.6638928069909736
 |  |  | Lagoa Formosa | Sim | 0.06283526096085464 | 0.05962395439780876
 |  | Total |  |  | 1 | 0.9488932406114066
 |  | Reserva técnica rateada por RSD por todos os municípios
[127 linhas]
