 |  | CAPEX Transbordo e Transporte
 |  | Implantação Estações de Transbordo
 |  | Obras de Implantação
 |  | Municípios | Locais | Tipo | Preço Unitário
(R$) | Preço Total (R$)
 |  | 5 | Arapuá, Coromandel, Guimarânia, Patos de Minas e Presidente Olegário | 1 | 587796.35 | 2938981.75
 |  | Total |  |  |  | 2938981.75
 |  | Ano |  | Valor (R$)
 |  | 1 |  | 2938981.75 | Investimento inicial
 |  | 10 |  | 347975.44 | Reinvestimento para manutenção das instalações prediais |  |  |  | 0.11840000027220313
 |  | 20 |  | 347975.44 | Reinvestimento para manutenção das instalações prediais
 |  | Veículos e equipamentos transbordo
 |  | Municípios | Transbordo |  | RSD |  |  | RPU |  |  | Coleta Seletiva
 |  |  |  |  | Carretas
 | Sistema roll on roll off | Container/ Caçamba | Carretas
(Axor 2036) | Sistema roll on roll off | Container/ Caçamba | Carretas
(Axor 2036) | Sistema roll on roll off | Container/ Caçamba
 |  | Arapuá | Transbordo Arapuá |  | 1 | 1 | 1 |  |  | 1 |  |  | 1
 |  | Rio Paranaíba
 |  | Coromandel | Transbordo Coromandel |  | 2 | 2 | 2 |  |  | 1 |  |  | 1
 |  | Cruzeiro da Fortaleza | Transbordo Gruimarânia |  | 2 | 2 | 2 |  |  | 1 |  |  | 1
 |  | Guimarânia
 |  | Serra do Salitre
 |  | Presidente Olegário | Transbordo Presidente Olegário |  | 2 | 2 | 1 |  |  | 1 |  |  | 1
 |  | Lagoa Formosa | Patos de Minas |  | 16 | 16 | 11 |  |  | 3 |  |  | 1
 |  | Patos de Minas
 |  | Reserva Técnica |  |  | 0 | 0 | 0 | 0 | 0 | 0 | 0 | 0 | 0
 |  | Total |  |  | 23 | 23 | 17 | 0 | 0 | 7 | 0 | 0 | 5
 |  | Equipamentos |  |  | Quantidade | Preço Unitário
(R$) | Preço Total (R$) | Quantidade | Preço Unitário
(R$) | Preço Total (R$) | Quantidade | Preço Unitário
(R$) | Preço Total (R$)
 |  | Axor 2036 S/LS 2p (diesel) (E5) Código Fipe: 509292-2 |  |  | 23 | 608434.67 | 13993997.41 | 0 | 0 | 0 | 0 | 0 | 0
 |  | Sistema roll on roll off para caminhão 3 eixos modelo "GT-25": |  |  | 23 | 133244.05 | 3064613.15 | 0 | 0 | 0 | 0 | 0 | 0
 |  | Container/Caçamba tipo roll on roll of  (TPM 6520AG) com 6,5m de comprimento, 2,4m largura e altura de 2,0m:31,2 m³  - 1 de reserva  |  |  | 17 | 40193.45 | 683288.6499999999 | 7 | 40193.45 | 281354.14999999997 | 5 | 40193.45 | 200967.25
 |  | Total |  |  |  |  | 17741899.209999997 |  |  | 281354.14999999997 |  |  | 200967.25
 |  | Reinvestimento
 |  | Equipamentos |  |  | Quantidade | Preço Unitário
(R$) | Preço Total (R$) | Quantidade | Preço Unitário
(R$) | Preço Total (R$) | Quantidade | Preço Unitário
(R$) | Preço Total (R$)
 |  | Cavalo mecânico 20 toneladas de pbt para roll on roll off |  |  | 5 | 608434.67 | 3042173.35 | 0 | 0 | 0 | 0 | 0 | 0
 |  | Sistema roll on roll off para caminhão 3 eixos modelo "GT-25": |  |  | 5 | 133244.05 | 666220.25 | 0 | 0 | 0 | 0 | 0 | 0
 |  | Container/Caçamba tipo roll on roll of  (TPM 6520AG) com 6,5m de comprimento, 2,4m largura e altura de 2,0m:31,2 m³  - 1 de reserva  |  |  | 7 | 40193.45 | 281354.14999999997 | 5 | 40193.45 | 200967.25 | 4 | 40193.45 | 160773.8
 |  | Total |  |  |  |  | 3989747.75 |  |  | 200967.25 |  |  | 160773.8
 |  | Reinvestimento a cada  |  | 10 | anos
 |  |  |  |  | Ano | Valor (R$) |  | Ano | Valor (R$) |  | Ano | Valor (R$)
 |  |  |  |  | 1 | 17741899.209999997 |  | 1 | 281354.14999999997 |  | 3 | 200967.25
 |  |  |  |  | 11 | 3989747.75 |  | 11 | 200967.25 |  | 14 | 160773.8 | 4351488.8
 |  |  |  |  | 21 | 3989747.75 |  | 21 | 200967.25 |  | 24 | 160773.8
 |  |  |  |  |  | 25721394.709999997 |  |  | 683288.6499999999 |  |  | 522514.85
 |  | CAPEX - Transbordo e Transporte
 |  |  |  | TOTAL | 1 | 2 | 3 | 4 | 5 | 6 | 7 | 8 | 9 | 10 | 11 | 12 | 13 | 14 | 15 | 16 | 17 | 18 | 19 | 20 | 21 | 22 | 23 | 24 | 25 | 26 | 27 | 28 | 29 | 30 | 31 | 32 | 33 | 34 | 35
 |  | Implantação Estações de Transbordo |  | 3634932.63 | 2938981.75 | 0 | 0 | 0 | 0 | 0 | 0 | 0 | 0 | 347975.44 | 0 | 0 | 0 | 0 | 0 | 0 | 0 | 0 | 0 | 347975.44 | 0 | 0 | 0 | 0 | 0 | 0 | 0 | 0 | 0 | 0 | 0 | 0 | 0 | 0 | 0
 |  | Veículos e equipamentos transbordos - RSD |  | 25721394.709999997 | 17741899.209999997 | 0 | 0 | 0 | 0 | 0 | 0 | 0 | 0 | 0 | 3989747.75 | 0 | 0 | 0 | 0 | 0 | 0 | 0 | 0 | 0 | 3989747.75 | 0 | 0 | 0 | 0 | 0 | 0 | 0 | 0 | 0 | 0 | 0 | 0 | 0 | 0
 |  | Veículos e equipamentos transbordos - RPU |  | 683288.6499999999 | 281354.14999999997 | 0 | 0 | 0 | 0 | 0 | 0 | 0 | 0 | 0 | 200967.25 | 0 | 0 | 0 | 0 | 0 | 0 | 0 | 0 | 0 | 200967.25 | 0 | 0 | 0 | 0 | 0 | 0 | 0 | 0 | 0 | 0 | 0 | 0 | 0 | 0
 |  | Veículos e equipamentos transbordos - Coleta Seletiva |  | 522514.85 | 0 | 0 | 200967.25 | 0 | 0 | 0 | 0 | 0 | 0 | 0 | 0 | 0 | 0 | 160773.8 | 0 | 0 | 0 | 0 | 0 | 0 | 0 | 0 | 0 | 160773.8 | 0 | 0 | 0 | 0 | 0 | 0 | 0 | 0 | 0 | 0 | 0
 |  | Total |  | 30562130.839999996 | 20962235.109999996 | 0 | 200967.25 | 0 | 0 | 0 | 0 | 0 | 0 | 347975.44 | 4190715 | 0 | 0 | 160773.8 | 0 | 0 | 0 | 0 | 0 | 347975.44 | 4190715 | 0 | 0 | 160773.8 | 0 | 0 | 0 | 0 | 0 | 0 | 0 | 0 | 0 | 0 | 0
 |  | IMPLANTAÇÃO  ESTAÇÕES DE TRANSBORDO
 |  | Transbordo | Municípios | TOTAL | 1 | 2 | 3 | 4 | 5 | 6 | 7 | 8 | 9 | 10 | 11 | 12 | 13 | 14 | 15 | 16 | 17 | 18 | 19 | 20 | 21 | 22 | 23 | 24 | 25 | 26 | 27 | 28 | 29 | 30 | 31 | 32 | 33 | 34 | 35
 |  | Arapuá | Arapuá | 88224.86149084505 | 71333.16740945248 | 0 | 0 | 0 | 0 | 0 | 0 | 0 | 0 | 8445.847040696284 | 0 | 0 | 0 | 0 | 0 | 0 | 0 | 0 | 0 | 8445.847040696284 | 0 | 0 | 0 | 0 | 0 | 0 | 0 | 0 | 0 | 0 | 0 | 0 | 0 | 0 | 0
 |  |  | Rio Paranaíba | 638761.6645091549 | 516463.1825905475 | 0 | 0 | 0 | 0 | 0 | 0 | 0 | 0 | 61149.240959303715 | 0 | 0 | 0 | 0 | 0 | 0 | 0 | 0 | 0 | 61149.240959303715 | 0 | 0 | 0 | 0 | 0 | 0 | 0 | 0 | 0 | 0 | 0 | 0 | 0 | 0 | 0
 |  | Coromandel | Coromandel | 726986.526 | 587796.35 | 0 | 0 | 0 | 0 | 0 | 0 | 0 | 0 | 69595.088 | 0 | 0 | 0 | 0 | 0 | 0 | 0 | 0 | 0 | 69595.088 | 0 | 0 | 0 | 0 | 0 | 0 | 0 | 0 | 0 | 0 | 0 | 0 | 0 | 0 | 0
 |  | Guimarânia | Cruzeiro da Fortaleza | 95857.49223443792 | 77504.44064702782 | 0 | 0 | 0 | 0 | 0 | 0 | 0 | 0 | 9176.525793705045 | 0 | 0 | 0 | 0 | 0 | 0 | 0 | 0 | 0 | 9176.525793705045 | 0 | 0 | 0 | 0 | 0 | 0 | 0 | 0 | 0 | 0 | 0 | 0 | 0 | 0 | 0
 |  |  | Guimarânia | 255772.76552538422 | 206802.04189262603 | 0 | 0 | 0 | 0 | 0 | 0 | 0 | 0 | 24485.361816379085 | 0 | 0 | 0 | 0 | 0 | 0 | 0 | 0 | 0 | 24485.361816379085 | 0 | 0 | 0 | 0 | 0 | 0 | 0 | 0 | 0 | 0 | 0 | 0 | 0 | 0 | 0
 |  |  | Serra do Salitre | 375356.2682401778 | 303489.8674603461 | 0 | 0 | 0 | 0 | 0 | 0 | 0 | 0 | 35933.200389915866 | 0 | 0 | 0 | 0 | 0 | 0 | 0 | 0 | 0 | 35933.200389915866 | 0 | 0 | 0 | 0 | 0 | 0 | 0 | 0 | 0 | 0 | 0 | 0 | 0 | 0 | 0
 |  | Presidente Olegário | Presidente Olegário | 726986.526 | 587796.35 | 0 | 0 | 0 | 0 | 0 | 0 | 0 | 0 | 69595.088 | 0 | 0 | 0 | 0 | 0 | 0 | 0 | 0 | 0 | 69595.088 | 0 | 0 | 0 | 0 | 0 | 0 | 0 | 0 | 0 | 0 | 0 | 0 | 0 | 0 | 0
 |  | Patos de Minas | Lagoa Formosa | 60231.73654553787 | 48699.65759947079 | 0 | 0 | 0 | 0 | 0 | 0 | 0 | 0 | 5766.03947303354 | 0 | 0 | 0 | 0 | 0 | 0 | 0 | 0 | 0 | 5766.03947303354 | 0 | 0 | 0 | 0 | 0 | 0 | 0 | 0 | 0 | 0 | 0 | 0 | 0 | 0 | 0
 |  |  | Patos de Minas | 666754.7894544621 | 539096.6924005292 | 0 | 0 | 0 | 0 | 0 | 0 | 0 | 0 | 63829.04852696646 | 0 | 0 | 0 | 0 | 0 | 0 | 0 | 0 | 0 | 63829.04852696646 | 0 | 0 | 0 | 0 | 0 | 0 | 0 | 0 | 0 | 0 | 0 | 0 | 0 | 0 | 0
 |  | Total |  | 3634932.63 | 2938981.7499999995 | 0 | 0 | 0 | 0 | 0 | 0 | 0 | 0 | 347975.44000000006 | 0 | 0 | 0 | 0 | 0 | 0 | 0 | 0 | 0 | 347975.44000000006 | 0 | 0 | 0 | 0 | 0 | 0 | 0 | 0 | 0 | 0 | 0 | 0 | 0 | 0 | 0
 |  | VEÍCULOS E EQUIPAMENTOS TRANSBORDO - RSD
 |  | Transbordo | Municípios | TOTAL | 1 | 2 | 3 | 4 | 5 | 6 | 7 | 8 | 9 | 10 | 11 | 12 | 13 | 14 | 15 | 16 | 17 | 18 | 19 | 20 | 21 | 22 | 23 | 24 | 25 | 26 | 27 | 28 | 29 | 30 | 31 | 32 | 33 | 34 | 35
 |  | Arapuá | Arapuá | 137560.82913853438 | 94885.6153928174 | 0 | 0 | 0 | 0 | 0 | 0 | 0 | 0 | 0 | 21337.606872858494 | 0 | 0 | 0 | 0 | 0 | 0 | 0 | 0 | 0 | 21337.606872858494 | 0 | 0 | 0 | 0 | 0 | 0 | 0 | 0 | 0 | 0 | 0 | 0 | 0 | 0
 |  |  | Rio Paranaíba | 995961.7131380555 | 686986.5546071826 | 0 | 0 | 0 | 0 | 0 | 0 | 0 | 0 | 0 | 154487.57926543645 | 0 | 0 | 0 | 0 | 0 | 0 | 0 | 0 | 0 | 154487.57926543645 | 0 | 0 | 0 | 0 | 0 | 0 | 0 | 0 | 0 | 0 | 0 | 0 | 0 | 0
 |  | Coromandel | Coromandel | 2267045.0845531793 | 1563744.3399999999 | 0 | 0 | 0 | 0 | 0 | 0 | 0 | 0 | 0 | 351650.37227658986 | 0 | 0 | 0 | 0 | 0 | 0 | 0 | 0 | 0 | 351650.37227658986 | 0 | 0 | 0 | 0 | 0 | 0 | 0 | 0 | 0 | 0 | 0 | 0 | 0 | 0
 |  | Guimarânia | Cruzeiro da Fortaleza | 298923.3621472608 | 206188.98090581148 | 0 | 0 | 0 | 0 | 0 | 0 | 0 | 0 | 0 | 46367.19062072467 | 0 | 0 | 0 | 0 | 0 | 0 | 0 | 0 | 0 | 46367.19062072467 | 0 | 0 | 0 | 0 | 0 | 0 | 0 | 0 | 0 | 0 | 0 | 0 | 0 | 0
 |  |  | Guimarânia | 797605.4164818113 | 550165.9248310011 | 0 | 0 | 0 | 0 | 0 | 0 | 0 | 0 | 0 | 123719.74582540515 | 0 | 0 | 0 | 0 | 0 | 0 | 0 | 0 | 0 | 123719.74582540515 | 0 | 0 | 0 | 0 | 0 | 0 | 0 | 0 | 0 | 0 | 0 | 0 | 0 | 0
 |  |  | Serra do Salitre | 1170516.305924107 | 807389.4342631871 | 0 | 0 | 0 | 0 | 0 | 0 | 0 | 0 | 0 | 181563.43583046002 | 0 | 0 | 0 | 0 | 0 | 0 | 0 | 0 | 0 | 181563.43583046002 | 0 | 0 | 0 | 0 | 0 | 0 | 0 | 0 | 0 | 0 | 0 | 0 | 0 | 0
 |  | Presidente Olegário | Presidente Olegário | 2208774.4574929187 | 1523550.89 | 0 | 0 | 0 | 0 | 0 | 0 | 0 | 0 | 0 | 342611.78374645935 | 0 | 0 | 0 | 0 | 0 | 0 | 0 | 0 | 0 | 342611.78374645935 | 0 | 0 | 0 | 0 | 0 | 0 | 0 | 0 | 0 | 0 | 0 | 0 | 0 | 0
 |  | Patos de Minas | Lagoa Formosa | 1478481.0370338627 | 1019814.898791352 | 0 | 0 | 0 | 0 | 0 | 0 | 0 | 0 | 0 | 229333.0691212553 | 0 | 0 | 0 | 0 | 0 | 0 | 0 | 0 | 0 | 229333.0691212553 | 0 | 0 | 0 | 0 | 0 | 0 | 0 | 0 | 0 | 0 | 0 | 0 | 0 | 0
 |  |  | Patos de Minas | 16366526.504090268 | 11289172.571208647 | 0 | 0 | 0 | 0 | 0 | 0 | 0 | 0 | 0 | 2538676.966440811 | 0 | 0 | 0 | 0 | 0 | 0 | 0 | 0 | 0 | 2538676.966440811 | 0 | 0 | 0 | 0 | 0 | 0 | 0 | 0 | 0 | 0 | 0 | 0 | 0 | 0
 |  | Total |  | 25721394.71 | 17741899.209999997 | 0 | 0 | 0 | 0 | 0 | 0 | 0 | 0 | 0 | 3989747.75 | 0 | 0 | 0 | 0 | 0 | 0 | 0 | 0 | 0 | 3989747.75 | 0 | 0 | 0 | 0 | 0 | 0 | 0 | 0 | 0 | 0 | 0 | 0 | 0 | 0
 |  |  |  |  |  | 0 | 0 | 0 | 0 | 0 | 0 | 0 | 0 | 347975.44000000006 | 3989747.75 | 0 | 0 | 0 | 0 | 0 | 0 | 0 | 0 | 347975.44000000006 | 3989747.75 | 0 | 0 | 0 | 0 | 0 | 0 | 0 | 0 | 0 | 0 | 0 | 0 | 0 | 0
 |  | VEÍCULOS E EQUIPAMENTOS TRANSBORDO - RPU
 |  | Transbordo | Municípios | TOTAL | 1 | 2 | 3 | 4 | 5 | 6 | 7 | 8 | 9 | 10 | 11 | 12 | 13 | 14 | 15 | 16 | 17 | 18 | 19 | 20 | 21 | 22 | 23 | 24 | 25 | 26 | 27 | 28 | 29 | 30 | 31 | 32 | 33 | 34 | 35
 |  | Arapuá | Arapuá | 11845.974414056063 | 4877.754170493672 | 0 | 0 | 0 | 0 | 0 | 0 | 0 | 0 | 0 | 3484.110121781195 | 0 | 0 | 0 | 0 | 0 | 0 | 0 | 0 | 0 | 3484.110121781195 | 0 | 0 | 0 | 0 | 0 | 0 | 0 | 0 | 0 | 0 | 0 | 0 | 0 | 0
 |  |  | Rio Paranaíba | 85766.68987165822 | 35315.69582950632 | 0 | 0 | 0 | 0 | 0 | 0 | 0 | 0 | 0 | 25225.49702107595 | 0 | 0 | 0 | 0 | 0 | 0 | 0 | 0 | 0 | 25225.49702107595 | 0 | 0 | 0 | 0 | 0 | 0 | 0 | 0 | 0 | 0 | 0 | 0 | 0 | 0
 |  | Coromandel | Coromandel | 97612.66428571429 | 40193.45 | 0 | 0 | 0 | 0 | 0 | 0 | 0 | 0 | 0 | 28709.60714285715 | 0 | 0 | 0 | 0 | 0 | 0 | 0 | 0 | 0 | 28709.60714285715 | 0 | 0 | 0 | 0 | 0 | 0 | 0 | 0 | 0 | 0 | 0 | 0 | 0 | 0
 |  | Guimarânia | Cruzeiro da Fortaleza | 12870.809669931423 | 5299.745158207056 | 0 | 0 | 0 | 0 | 0 | 0 | 0 | 0 | 0 | 3785.532255862184 | 0 | 0 | 0 | 0 | 0 | 0 | 0 | 0 | 0 | 3785.532255862184 | 0 | 0 | 0 | 0 | 0 | 0 | 0 | 0 | 0 | 0 | 0 | 0 | 0 | 0
 |  |  | Guimarânia | 34342.67376594823 | 14141.100962449273 | 0 | 0 | 0 | 0 | 0 | 0 | 0 | 0 | 0 | 10100.786401749481 | 0 | 0 | 0 | 0 | 0 | 0 | 0 | 0 | 0 | 10100.786401749481 | 0 | 0 | 0 | 0 | 0 | 0 | 0 | 0 | 0 | 0 | 0 | 0 | 0 | 0
 |  |  | Serra do Salitre | 50399.180849834614 | 20752.603879343664 | 0 | 0 | 0 | 0 | 0 | 0 | 0 | 0 | 0 | 14823.288485245475 | 0 | 0 | 0 | 0 | 0 | 0 | 0 | 0 | 0 | 14823.288485245475 | 0 | 0 | 0 | 0 | 0 | 0 | 0 | 0 | 0 | 0 | 0 | 0 | 0 | 0
 |  | Presidente Olegário | Presidente Olegário | 97612.66428571429 | 40193.45 | 0 | 0 | 0 | 0 | 0 | 0 | 0 | 0 | 0 | 28709.60714285715 | 0 | 0 | 0 | 0 | 0 | 0 | 0 | 0 | 0 | 28709.60714285715 | 0 | 0 | 0 | 0 | 0 | 0 | 0 | 0 | 0 | 0 | 0 | 0 | 0 | 0
 |  | Patos de Minas | Lagoa Formosa | 24261.991392527583 | 9990.231749864299 | 0 | 0 | 0 | 0 | 0 | 0 | 0 | 0 | 0 | 7135.879821331642 | 0 | 0 | 0 | 0 | 0 | 0 | 0 | 0 | 0 | 7135.879821331642 | 0 | 0 | 0 | 0 | 0 | 0 | 0 | 0 | 0 | 0 | 0 | 0 | 0 | 0
 |  |  | Patos de Minas | 268576.0014646153 | 110590.1182501357 | 0 | 0 | 0 | 0 | 0 | 0 | 0 | 0 | 0 | 78992.94160723979 | 0 | 0 | 0 | 0 | 0 | 0 | 0 | 0 | 0 | 78992.94160723979 | 0 | 0 | 0 | 0 | 0 | 0 | 0 | 0 | 0 | 0 | 0 | 0 | 0 | 0
 |  | Total |  | 683288.65 | 281354.14999999997 | 0 | 0 | 0 | 0 | 0 | 0 | 0 | 0 | 0 | 200967.25 | 0 | 0 | 0 | 0 | 0 | 0 | 0 | 0 | 0 | 200967.25 | 0 | 0 | 0 | 0 | 0 | 0 | 0 | 0 | 0 | 0 | 0 | 0 | 0 | 0
 |  |  |  |  |  | 0 | 0 | 0 | 0 | 0 | 0 | 0 | 0 | 347975.44000000006 | 4190715 | 0 | 0 | 0 | 0 | 0 | 0 | 0 | 0 | 347975.44000000006 | 4190715 | 0 | 0 | 0 | 0 | 0 | 0 | 0 | 0 | 0 | 0 | 0 | 0 | 0 | 0
 |  | VEÍCULOS E EQUIPAMENTOS TRANSBORDO - Coleta Seletiva
 |  | Transbordo | Municípios | TOTAL | 1 | 2 | 3 | 4 | 5 | 6 | 7 | 8 | 9 | 10 | 11 | 12 | 13 | 14 | 15 | 16 | 17 | 18 | 19 | 20 | 21 | 22 | 23 | 24 | 25 | 26 | 27 | 28 | 29 | 30 | 31 | 32 | 33 | 34 | 35
 |  | Arapuá | Arapuá | 12682.160843283547 | 0 | 0 | 4877.754170493672 | 0 | 0 | 0 | 0 | 0 | 0 | 0 | 0 | 0 | 0 | 3902.203336394937 | 0 | 0 | 0 | 0 | 0 | 0 | 0 | 0 | 0 | 3902.203336394937 | 0 | 0 | 0 | 0 | 0 | 0 | 0 | 0 | 0 | 0 | 0
 |  |  | Rio Paranaíba | 91820.80915671644 | 0 | 0 | 35315.69582950632 | 0 | 0 | 0 | 0 | 0 | 0 | 0 | 0 | 0 | 0 | 28252.556663605057 | 0 | 0 | 0 | 0 | 0 | 0 | 0 | 0 | 0 | 28252.556663605057 | 0 | 0 | 0 | 0 | 0 | 0 | 0 | 0 | 0 | 0 | 0
 |  | Coromandel | Coromandel | 104502.96999999999 | 0 | 0 | 40193.45 | 0 | 0 | 0 | 0 | 0 | 0 | 0 | 0 | 0 | 0 | 32154.759999999995 | 0 | 0 | 0 | 0 | 0 | 0 | 0 | 0 | 0 | 32154.759999999995 | 0 | 0 | 0 | 0 | 0 | 0 | 0 | 0 | 0 | 0 | 0
 |  | Guimarânia | Cruzeiro da Fortaleza | 13779.337411338347 | 0 | 0 | 5299.745158207056 | 0 | 0 | 0 | 0 | 0 | 0 | 0 | 0 | 0 | 0 | 4239.796126565645 | 0 | 0 | 0 | 0 | 0 | 0 | 0 | 0 | 0 | 4239.796126565645 | 0 | 0 | 0 | 0 | 0 | 0 | 0 | 0 | 0 | 0 | 0
 |  |  | Guimarânia | 36766.86250236811 | 0 | 0 | 14141.100962449273 | 0 | 0 | 0 | 0 | 0 | 0 | 0 | 0 | 0 | 0 | 11312.880769959416 | 0 | 0 | 0 | 0 | 0 | 0 | 0 | 0 | 0 | 11312.880769959416 | 0 | 0 | 0 | 0 | 0 | 0 | 0 | 0 | 0 | 0 | 0
 |  |  | Serra do Salitre | 53956.770086293516 | 0 | 0 | 20752.603879343664 | 0 | 0 | 0 | 0 | 0 | 0 | 0 | 0 | 0 | 0 | 16602.083103474928 | 0 | 0 | 0 | 0 | 0 | 0 | 0 | 0 | 0 | 16602.083103474928 | 0 | 0 | 0 | 0 | 0 | 0 | 0 | 0 | 0 | 0 | 0
 |  | Presidente Olegário | Presidente Olegário | 104502.96999999999 | 0 | 0 | 40193.45 | 0 | 0 | 0 | 0 | 0 | 0 | 0 | 0 | 0 | 0 | 32154.759999999995 | 0 | 0 | 0 | 0 | 0 | 0 | 0 | 0 | 0 | 32154.759999999995 | 0 | 0 | 0 | 0 | 0 | 0 | 0 | 0 | 0 | 0 | 0
 |  | Patos de Minas | Lagoa Formosa | 8658.20084988239 | 0 | 0 | 3330.0772499547656 | 0 | 0 | 0 | 0 | 0 | 0 | 0 | 0 | 0 | 0 | 2664.0617999638125 | 0 | 0 | 0 | 0 | 0 | 0 | 0 | 0 | 0 | 2664.0617999638125 | 0 | 0 | 0 | 0 | 0 | 0 | 0 | 0 | 0 | 0 | 0
 |  |  | Patos de Minas | 95844.76915011759 | 0 | 0 | 36863.37275004523 | 0 | 0 | 0 | 0 | 0 | 0 | 0 | 0 | 0 | 0 | 29490.69820003618 | 0 | 0 | 0 | 0 | 0 | 0 | 0 | 0 | 0 | 29490.69820003618 | 0 | 0 | 0 | 0 | 0 | 0 | 0 | 0 | 0 | 0 | 0
 |  | Total |  | 522514.84999999986 | 0 | 0 | 200967.25 | 0 | 0 | 0 | 0 | 0 | 0 | 0 | 0 | 0 | 0 | 160773.8 | 0 | 0 | 0 | 0 | 0 | 0 | 0 | 0 | 0 | 160773.8 | 0 | 0 | 0 | 0 | 0 | 0 | 0 | 0 | 0 | 0 | 0
 |  | TOTAL GERAL |  | 30562130.84 | 20962235.109999996 | 0 | 200967.25 | 0 | 0 | 0 | 0 | 0 | 0 | 347975.44000000006 | 4190715 | 0 | 0 | 160773.8 | 0 | 0 | 0 | 0 | 0 | 347975.44000000006 | 4190715 | 0 | 0 | 160773.8 | 0 | 0 | 0 | 0 | 0 | 0 | 0 | 0 | 0 | 0 | 0
 |  | CAPEX - TRANSBORDO - POR MUNICÍPIO
 |  | COLETA |  | TOTAL | 1 | 2 | 3 | 4 | 5 | 6 | 7 | 8 | 9 | 10 | 11 | 12 | 13 | 14 | 15 | 16 | 17 | 18 | 19 | 20 | 21 | 22 | 23 | 24 | 25 | 26 | 27 | 28 | 29 | 30 | 31 | 32 | 33 | 34 | 35
 |  | Arapuá |  | 250313.82588671902 | 171096.53697276354 | 0 | 4877.754170493672 | 0 | 0 | 0 | 0 | 0 | 0 | 8445.847040696284 | 24821.71699463969 | 0 | 0 | 3902.203336394937 | 0 | 0 | 0 | 0 | 0 | 8445.847040696284 | 24821.71699463969 | 0 | 0 | 3902.203336394937 | 0 | 0 | 0 | 0 | 0 | 0 | 0 | 0 | 0 | 0 | 0
 |  | Coromandel |  | 3196147.244838894 | 2191734.14 | 0 | 40193.45 | 0 | 0 | 0 | 0 | 0 | 0 | 69595.088 | 380359.979419447 | 0 | 0 | 32154.759999999995 | 0 | 0 | 0 | 0 | 0 | 69595.088 | 380359.979419447 | 0 | 0 | 32154.759999999995 | 0 | 0 | 0 | 0 | 0 | 0 | 0 | 0 | 0 | 0 | 0
 |  | Cruzeiro da Fortaleza |  | 421431.0014629685 | 288993.16671104636 | 0 | 5299.745158207056 | 0 | 0 | 0 | 0 | 0 | 0 | 9176.525793705045 | 50152.72287658686 | 0 | 0 | 4239.796126565645 | 0 | 0 | 0 | 0 | 0 | 9176.525793705045 | 50152.72287658686 | 0 | 0 | 4239.796126565645 | 0 | 0 | 0 | 0 | 0 | 0 | 0 | 0 | 0 | 0 | 0
 |  | Guimarânia |  | 1124487.718275512 | 771109.0676860765 | 0 | 14141.100962449273 | 0 | 0 | 0 | 0 | 0 | 0 | 24485.361816379085 | 133820.53222715462 | 0 | 0 | 11312.880769959416 | 0 | 0 | 0 | 0 | 0 | 24485.361816379085 | 133820.53222715462 | 0 | 0 | 11312.880769959416 | 0 | 0 | 0 | 0 | 0 | 0 | 0 | 0 | 0 | 0 | 0
 |  | Lagoa Formosa |  | 1571632.9658218103 | 1078504.7881406872 | 0 | 3330.0772499547656 | 0 | 0 | 0 | 0 | 0 | 0 | 5766.03947303354 | 236468.94894258695 | 0 | 0 | 2664.0617999638125 | 0 | 0 | 0 | 0 | 0 | 5766.03947303354 | 236468.94894258695 | 0 | 0 | 2664.0617999638125 | 0 | 0 | 0 | 0 | 0 | 0 | 0 | 0 | 0 | 0 | 0
 |  | Patos de Minas |  | 17397702.064159464 | 11938859.381859312 | 0 | 36863.37275004523 | 0 | 0 | 0 | 0 | 0 | 0 | 63829.04852696646 | 2617669.9080480505 | 0 | 0 | 29490.69820003618 | 0 | 0 | 0 | 0 | 0 | 63829.04852696646 | 2617669.9080480505 | 0 | 0 | 29490.69820003618 | 0 | 0 | 0 | 0 | 0 | 0 | 0 | 0 | 0 | 0 | 0
 |  | Presidente Olegário |  | 3137876.6177786323 | 2151540.69 | 0 | 40193.45 | 0 | 0 | 0 | 0 | 0 | 0 | 69595.088 | 371321.3908893165 | 0 | 0 | 32154.759999999995 | 0 | 0 | 0 | 0 | 0 | 69595.088 | 371321.3908893165 | 0 | 0 | 32154.759999999995 | 0 | 0 | 0 | 0 | 0 | 0 | 0 | 0 | 0 | 0 | 0
 |  | Rio Paranaíba |  | 1812310.8766755853 | 1238765.4330272365 | 0 | 35315.69582950632 | 0 | 0 | 0 | 0 | 0 | 0 | 61149.240959303715 | 179713.0762865124 | 0 | 0 | 28252.556663605057 | 0 | 0 | 0 | 0 | 0 | 61149.240959303715 | 179713.0762865124 | 0 | 0 | 28252.556663605057 | 0 | 0 | 0 | 0 | 0 | 0 | 0 | 0 | 0 | 0 | 0
 |  | Serra do Salitre |  | 1650228.5251004132 | 1131631.905602877 | 0 | 20752.603879343664 | 0 | 0 | 0 | 0 | 0 | 0 | 35933.200389915866 | 196386.7243157055 | 0 | 0 | 16602.083103474928 | 0 | 0 | 0 | 0 | 0 | 35933.200389915866 | 196386.7243157055 | 0 | 0 | 16602.083103474928 | 0 | 0 | 0 | 0 | 0 | 0 | 0 | 0 | 0 | 0 | 0
 |  | TOTAL |  | 30562130.84 | 20962235.11 | 0 | 200967.25 | 0 | 0 | 0 | 0 | 0 | 0 | 347975.43999999994 | 4190715 | 0 | 0 | 160773.79999999996 | 0 | 0 | 0 | 0 | 0 | 347975.43999999994 | 4190715 | 0 | 0 | 160773.79999999996 | 0 | 0 | 0 | 0 | 0 | 0 | 0 | 0 | 0 | 0 | 0
 |  | Rateio - Por resíduos (envio à CTR) |  |  | Resíduos | Invest. RSD | Invest. RPU | Invest. Sel.
 |  | Transbordo | Municípios |  | % | % | % | %
 |  | Arapuá | Arapuá |  | 0.006827173392619549 | 0.005348109256495851 | 0.01733670596468427 | 0.024271388350557973
 |  |  | Rio Paranaíba |  | 0.04942979299111514 | 0.038721139517012435 | 0.1255204368924586 | 0.175728611649442
 |  | Coromandel | Coromandel |  | 0.08646370644217465 | 0.08813849754701657 | 0.14285714285714288 | 0.19999999999999998
 |  | Guimarãnia | Cruzeiro da Fortaleza |  | 0.010357808135649236 | 0.01162158450261039 | 0.018836562951735587 | 0.026371188132429817
 |  |  | Guimarânia |  | 0.027637330894877687 | 0.031009415526434006 | 0.050260857934561386 | 0.07036520110838593
 |  |  | Serra do Salitre |  | 0.040558834978037216 | 0.04550749751797216 | 0.07375972197084588 | 0.10326361075918421
 |  | Presidente Olegário | Presidente Olegário |  | 0.054255720482041685 | 0.08587304391523483 | 0.14285714285714288 | 0.19999999999999998
 |  | Patos de Minas | Lagoa Formosa |  | 0.06002320880845907 | 0.05748059363433573 | 0.03550767511289348 | 0.016570248386016954
 |  |  | Patos de Minas |  | 0.6644464238750258 | 0.636300118582888 | 0.3930637534585351 | 0.183429751613983
 |  | Total |  |  | 1 | 1 | 1 | 0.9999999999999999
 |  | Reserva técnica rateada por RSD por todos os municípios
[124 linhas]
