 |  | CAPEX Disposição Final
 |  | Implantação Aterro Sanitário
 |  | Descrição |  | Preço Total (R$)
 |  | Pré implantação |  | 3101348.64
 |  | Mobilização, Desmobilização e Canteiro de Obras |  | 148493.32
 |  | Movimento de Terra |  | 1182075.99
 |  | Drenagem Superficial |  | 301923.78
 |  | Impermeabilização  |  | 9435107.93
 |  | Captação de Efluentes |  | 12908.17
 |  | Tratamento de Efluentes |  | 322751.86
 |  | Serviços Complementares |  | 141696.68
 |  | Obras Civis |  | 601981
 |  | Aquisição do Terreno |  | 1500000
 |  | Captação e Beneficiamento do Biogás |  | 8529519.4
 |  | Total |  | 25277806.77
 |  | Implantação Aterro Sanitário:
 |  | Etapas | Ano | % | Valor (em R$)
 |  | 1 | 2 | 0.05934059128026162 | 1500000
 |  | 2 | 3 | 0.15237963463552498 | 3851822.96
 |  | 3 | 4 | 0.09016972487918104 | 2279292.8819999998
 |  | 4 | 11 | 0.42760087456748924 | 10808812.282
 |  | 5 | 18 | 0.09016972487918104 | 2279292.8819999998
 |  | 6 | 24 | 0.09016972487918104 | 2279292.8819999998
 |  | 7 | 30 | 0.09016972487918104 | 2279292.8819999998
 |  | Veículos e equipamentos para os aterros
 |  | Equipamentos |  |  | QUANTIDADE | PREÇO UNITÁRIO |  PREÇO TOTAL
 |  | caminhão toco, peso bruto total 16000 kg, carga útil máxima 10600 kg, distância entre eixos 4,80 m, potência 277 cv (inclui cabine e chassi, não inclui carroceria) |  |  | 1 | 558320.36 | 558320.36
 |  | trator de esteiras, potência de 150 hp, peso operacional de 16,7 t, com roda motriz elevada e lâmina com contato de 3,18m3 |  |  | 1 | 1390000 | 1390000
 |  | retroescavadeira sobre rodas com carregadeira, tração 4 x 4, potência liquida 72 hp, peso operacional mínimo de 7140 kg, capacidade mínima da carregadeira de 0,79 m3 e da retroescavadeira mínima de 0,18 m3, profundidade de escavação máxima de 4,50 m |  |  | 1 | 470000 | 470000
 |  | Total |  |  |  |  | 2418320.36
 |  | Ano | Valor (R$)
 |  | 1 | 2418320.36
 |  | 11 | 2418320.36
 |  | 21 | 2418320.36
 |  | 31 | 2418320.36 | (somente em cenário superior a 30 anos)
 |  | Reinvestimentos de 10 em 10 anos
 |  | CAPEX - DISPOSIÇÃO FINAL
 |  |  | TOTAL | 1 | 2 | 3 | 4 | 5 | 6 | 7 | 8 | 9 | 10 | 11 | 12 | 13 | 14 | 15 | 16 | 17 | 18 | 19 | 20 | 21 | 22 | 23 | 24 | 25 | 26 | 27 | 28 | 29 | 30 | 31 | 32 | 33 | 34 | 35
 |  | Implantação AS Novo | 25277806.769999996 | 0 | 1500000 | 3851822.96 | 2279292.8819999998 | 0 | 0 | 0 | 0 | 0 | 0 | 10808812.282 | 0 | 0 | 0 | 0 | 0 | 0 | 2279292.8819999998 | 0 | 0 | 0 | 0 | 0 | 2279292.8819999998 | 0 | 0 | 0 | 0 | 0 | 2279292.8819999998 | 0 | 0 | 0 | 0 | 0
 |  | Veículos e equipamentos aterros | 7254961.08 | 2418320.36 | 0 | 0 | 0 | 0 | 0 | 0 | 0 | 0 | 0 | 2418320.36 | 0 | 0 | 0 | 0 | 0 | 0 | 0 | 0 | 0 | 2418320.36 | 0 | 0 | 0 | 0 | 0 | 0 | 0 | 0 | 0 | 0 | 0 | 0 | 0 | 0
 |  | TOTAL | 32532767.849999994 | 2418320.36 | 1500000 | 3851822.96 | 2279292.8819999998 | 0 | 0 | 0 | 0 | 0 | 0 | 13227132.641999999 | 0 | 0 | 0 | 0 | 0 | 0 | 2279292.8819999998 | 0 | 0 | 2418320.36 | 0 | 0 | 2279292.8819999998 | 0 | 0 | 0 | 0 | 0 | 2279292.8819999998 | 0 | 0 | 0 | 0 | 0
 |  | CAPEX - TRIAGEM E TRATAMENTO - POR MUNICÍPIO
 |  | COLETA | TOTAL | 1 | 2 | 3 | 4 | 5 | 6 | 7 | 8 | 9 | 10 | 11 | 12 | 13 | 14 | 15 | 16 | 17 | 18 | 19 | 20 | 21 | 22 | 23 | 24 | 25 | 26 | 27 | 28 | 29 | 30 | 31 | 32 | 33 | 34 | 35
 |  | Arapuá | 222106.8470537887 | 16510.292416622127 | 10240.760088929323 | 26297.063225593072 | 15561.127717977526 | 0 | 0 | 0 | 0 | 0 | 0 | 90303.9280341119 | 0 | 0 | 0 | 0 | 0 | 0 | 15561.127717977526 | 0 | 0 | 16510.292416622127 | 0 | 0 | 15561.127717977526 | 0 | 0 | 0 | 0 | 0 | 15561.127717977526 | 0 | 0 | 0 | 0 | 0
 |  | Coromandel | 2812903.6891338173 | 209096.9416901741 | 129695.55966326197 | 333042.8896806682 | 197076.11064498618 | 0 | 0 | 0 | 0 | 0 | 0 | 1143666.913829594 | 0 | 0 | 0 | 0 | 0 | 0 | 197076.11064498618 | 0 | 0 | 209096.9416901741 | 0 | 0 | 197076.11064498618 | 0 | 0 | 0 | 0 | 0 | 197076.11064498618 | 0 | 0 | 0 | 0 | 0
 |  | Cruzeiro da Fortaleza | 336968.1675119178 | 25048.49829941419 | 15536.712203473855 | 39896.443192168525 | 23608.478356706994 | 0 | 0 | 0 | 0 | 0 | 0 | 137004.10209061916 | 0 | 0 | 0 | 0 | 0 | 0 | 23608.478356706994 | 0 | 0 | 25048.49829941419 | 0 | 0 | 23608.478356706994 | 0 | 0 | 0 | 0 | 0 | 23608.478356706994 | 0 | 0 | 0 | 0 | 0
 |  | Guimarânia | 899118.8699966884 | 66835.91999913973 | 41455.99634231653 | 106454.10569400722 | 62993.5715861734 | 0 | 0 | 0 | 0 | 0 | 0 | 365562.6416173917 | 0 | 0 | 0 | 0 | 0 | 0 | 62993.5715861734 | 0 | 0 | 66835.91999913973 | 0 | 0 | 62993.5715861734 | 0 | 0 | 0 | 0 | 0 | 62993.5715861734 | 0 | 0 | 0 | 0 | 0
 |  | Lagoa Formosa | 1952721.1177776742 | 145155.3479340279 | 90034.8132126886 | 231198.7738212969 | 136810.47259192044 | 0 | 0 | 0 | 0 | 0 | 0 | 793934.9445079509 | 0 | 0 | 0 | 0 | 0 | 0 | 136810.47259192044 | 0 | 0 | 145155.3479340279 | 0 | 0 | 136810.47259192044 | 0 | 0 | 0 | 0 | 0 | 136810.47259192044 | 0 | 0 | 0 | 0 | 0
 |  | Patos de Minas | 21616281.256688915 | 1606844.314986165 | 996669.6358125388 | 2559329.9911717167 | 1514468.004408701 | 0 | 0 | 0 | 0 | 0 | 0 | 8788720.982097521 | 0 | 0 | 0 | 0 | 0 | 0 | 1514468.004408701 | 0 | 0 | 1606844.314986165 | 0 | 0 | 1514468.004408701 | 0 | 0 | 0 | 0 | 0 | 1514468.004408701 | 0 | 0 | 0 | 0 | 0
 |  | Presidente Olegário | 1765088.7589767522 | 131207.7134881904 | 81383.58072306252 | 208983.42986407044 | 123664.67750249921 | 0 | 0 | 0 | 0 | 0 | 0 | 717647.6114032415 | 0 | 0 | 0 | 0 | 0 | 0 | 123664.67750249921 | 0 | 0 | 131207.7134881904 | 0 | 0 | 123664.67750249921 | 0 | 0 | 0 | 0 | 0 | 123664.67750249921 | 0 | 0 | 0 | 0 | 0
 |  | Rio Paranaíba | 1608087.9802535062 | 119537.07478099904 | 74144.68948667271 | 190394.81155122438 | 112664.97532338221 | 0 | 0 | 0 | 0 | 0 | 0 | 653814.4283600819 | 0 | 0 | 0 | 0 | 0 | 0 | 112664.97532338221 | 0 | 0 | 119537.07478099904 | 0 | 0 | 112664.97532338221 | 0 | 0 | 0 | 0 | 0 | 112664.97532338221 | 0 | 0 | 0 | 0 | 0
 |  | Serra do Salitre | 1319491.1626069446 | 98084.25640526754 | 60838.25246705583 | 156225.45179925484 | 92445.46386765284 | 0 | 0 | 0 | 0 | 0 | 0 | 536477.0900594874 | 0 | 0 | 0 | 0 | 0 | 0 | 92445.46386765284 | 0 | 0 | 98084.25640526754 | 0 | 0 | 92445.46386765284 | 0 | 0 | 0 | 0 | 0 | 92445.46386765284 | 0 | 0 | 0 | 0 | 0
 |  | TOTAL | 32532767.850000005 | 2418320.36 | 1500000 | 3851822.9600000004 | 2279292.8819999998 | 0 | 0 | 0 | 0 | 0 | 0 | 13227132.641999999 | 0 | 0 | 0 | 0 | 0 | 0 | 2279292.8819999998 | 0 | 0 | 2418320.36 | 0 | 0 | 2279292.8819999998 | 0 | 0 | 0 | 0 | 0 | 2279292.8819999998 | 0 | 0 | 0 | 0 | 0
 |  | Rateio - Por resíduos  (envio à CTR)
 |  | Municípios |  | %
 |  | Arapuá |  | 0.006827173392619549
 |  | Coromandel |  | 0.08646370644217465
 |  | Cruzeiro da Fortaleza |  | 0.010357808135649236
 |  | Guimarânia |  | 0.027637330894877687
 |  | Lagoa Formosa |  | 0.06002320880845907
 |  | Patos de Minas |  | 0.6644464238750258
 |  | Presidente Olegário |  | 0.054255720482041685
 |  | Rio Paranaíba |  | 0.04942979299111514
 |  | Serra do Salitre |  | 0.040558834978037216
 |  | TOTAL |  | 1
[65 linhas]
