 |  | Demonstrativo Capital de Giro
 |  | Ano |  |  |  | 1 | 2 | 3 | 4 | 5 | 6 | 7 | 8 | 9 | 10 | 11 | 12 | 13 | 14 | 15 | 16 | 17 | 18 | 19 | 20 | 21 | 22 | 23 | 24 | 25 | 26 | 27 | 28 | 29 | 30
 |  | CONTAS A RECEBER |  |  |  | 458941.43191438133 | 461073.14363233966 | 463204.8553502979 | 465336.56706825615 | 467468.2787862146 | 469598.26846530003 | 471450.55960006197 | 473302.8507348239 | 475155.1418695859 | 477007.4330043479 | 478856.3226559651 | 479926.9055015089 | 480997.4883470526 | 482068.0711925963 | 483138.65403814026 | 484214.3218677292 | 484644.6307828401 | 485074.9396979511 | 485505.2486130622 | 485935.557528173 | 486367.1889042323 | 486797.4978193434 | 487227.8067344543 | 487658.1156495653 | 488088.4245646762 | 488518.7334797872 | 488949.0423948982 | 489379.3513100092 | 489809.66022512014 | 490239.96914023114
 |  |  | Clientes |  |  | 458941.43191438133 | 461073.14363233966 | 463204.8553502979 | 465336.56706825615 | 467468.2787862146 | 469598.26846530003 | 471450.55960006197 | 473302.8507348239 | 475155.1418695859 | 477007.4330043479 | 478856.3226559651 | 479926.9055015089 | 480997.4883470526 | 482068.0711925963 | 483138.65403814026 | 484214.3218677292 | 484644.6307828401 | 485074.9396979511 | 485505.2486130622 | 485935.557528173 | 486367.1889042323 | 486797.4978193434 | 487227.8067344543 | 487658.1156495653 | 488088.4245646762 | 488518.7334797872 | 488949.0423948982 | 489379.3513100092 | 489809.66022512014 | 490239.96914023114
 |  | CONTAS A PAGAR |  |  |  | 295120.25175944983 | 293980.5621732378 | 219675.9072315897 | 220103.05457576143 | 109133.241281995 | 109317.00211480953 | 109571.66543320281 | 109609.81276794232 | 110236.29850868575 | 109947.95366191772 | 126935.16239541615 | 126409.97120801036 | 126496.79705984086 | 126589.11374990409 | 126784.66528283455 | 126765.1475782176 | 127253.79373081698 | 126864.83185955501 | 126800.26069617798 | 126861.29202780644 | 127067.14637015329 | 126843.05888661463 | 126969.21733197935 | 126958.4610514518 | 127369.86542556157 | 126904.4142037578 | 126913.43617233403 | 126927.41931535941 | 126941.37168701195 | 127036.52849006093
 |  |  | Salários a Pagar |  |  | 102304.9146074473 | 101730.37542182594 | 70624.33384262673 | 70703.63061876608 | 24297.337552391917 | 24275.125700432796 | 24296.38747232392 | 24227.29782750817 | 24403.719888518815 | 24198.38611684869 | 31202.245094928676 | 30934.880318678694 | 30922.908264991707 | 30913.227520264303 | 30946.626340145278 | 30890.055606683618 | 31075.901247767797 | 30895.523911078693 | 30850.51376312712 | 30857.91712836824 | 30925.67007230443 | 30814.094282078993 | 30848.674980340988 | 30826.121608204816 | 30979.734506016535 | 30767.43841179363 | 30753.13843876616 | 30740.908747721794 | 30728.6662158835 | 30750.310029504464
 |  |  | Contas a pagar |  |  | 142856.14679250456 | 142053.87395396005 | 98618.13815355742 | 98728.86628363605 | 33928.22361828998 | 33897.207517096984 | 33926.896949105234 | 33830.42181416658 | 34076.77337940544 | 33790.05018981362 | 43570.07209908132 | 43196.73029170413 | 43180.01280100021 | 43166.49483956946 | 43213.132156397514 | 43134.13813118799 | 43393.64855925823 | 43141.77394124038 | 43078.92284236997 | 43089.260725312364 | 43183.86932297076 | 43028.06754621257 | 43076.35520987035 | 43044.86221803401 | 43259.3636108871 | 42962.91839986127 | 42942.950258020006 | 42925.8730086448 | 42908.77782869068 | 42939.00073467374
 |  |  | Tributos |  |  | 49959.190359497996 | 50196.31279745177 | 50433.43523540554 | 50670.5576733593 | 50907.68011131309 | 51144.66889727974 | 51348.38101177365 | 51552.09312626757 | 51755.805240761496 | 51959.51735525541 | 52162.84520140615 | 52278.36059762754 | 52393.87599384894 | 52509.39139007033 | 52624.90678629175 | 52740.95384034599 | 52784.24392379096 | 52827.53400723592 | 52870.824090680886 | 52914.11417412583 | 52957.6069748781 | 53000.897058323055 | 53044.18714176801 | 53087.477225212984 | 53130.76730865793 | 53174.05739210289 | 53217.34747554785 | 53260.637558992814 | 53303.927642437775 | 53347.21772588273
 |  | CAPITAL DE GIRO |  |  |  | 163821.1801549315 | 167092.58145910187 | 243528.94811870818 | 245233.51249249472 | 358335.03750421957 | 360281.2663504905 | 361878.89416685916 | 363693.0379668816 | 364918.8433609002 | 367059.4793424302 | 351921.16026054893 | 353516.9342934985 | 354500.6912872117 | 355478.9574426922 | 356353.9887553057 | 357449.1742895116 | 357390.8370520231 | 358210.1078383961 | 358704.98791688425 | 359074.2655003666 | 359300.042534079 | 359954.4389327288 | 360258.5894024749 | 360699.6545981135 | 360718.55913911463 | 361614.31927602936 | 362035.6062225642 | 362451.9319946498 | 362868.2885381082 | 363203.4406501702
 |  | VARIAÇÃO DO CAPITAL DE GIRO |  |  |  | 163821.1801549315 | 3271.401304170373 | 76436.36665960631 | 1704.564373786532 | 113101.52501172485 | 1946.2288462709403 | 1597.627816368651 | 1814.1438000224298 | 1225.8053940185928 | 2140.6359815300093 | -15138.319081881258 | 1595.7740329495864 | 983.7569937132066 | 978.2661554804654 | 875.0313126135152 | 1095.1855342058698 | -58.33723748847842 | 819.2707863730029 | 494.88007848814595 | 369.277583482326 | 225.77703371242387 | 654.3963986497838 | 304.1504697461496 | 441.06519563857 | 18.904541001131292 | 895.7601369147305 | 421.28694653481944 | 416.3257720856345 | 416.3565434583579 | -362868.2885381082
 |  | Prazos Médios |  | Dias
 |  | Clientes |  | 45
 |  | Salários a Pagar |  | 30
 |  | Contas a Pagar |  | 15
 |  | Tributos a Pagar  |  | 30
 |  | % estimado do OPEX destinado a salários |  |  |  | 0.2636607667067799
[16 linhas]
