 |  | Demonstrativo Capital de Giro
 |  | Ano |  |  |  | 1 | 2 | 3 | 4 | 5 | 6 | 7 | 8 | 9 | 10 | 11 | 12 | 13 | 14 | 15 | 16 | 17 | 18 | 19 | 20 | 21 | 22 | 23 | 24 | 25 | 26 | 27 | 28 | 29 | 30
 |  | CONTAS A RECEBER |  |  |  | 5314574.307116831 | 5795430.11452988 | 5950686.842433574 | 6044553.005187818 | 6106608.555320586 | 6161569.215650161 | 6204868.834905743 | 6230555.165636368 | 6256241.496366996 | 6281927.827097623 | 6307608.377722571 | 6323049.029086959 | 6338489.680451344 | 6353930.33181573 | 6369370.983180116 | 6384896.177750179 | 6391757.996539914 | 6398619.815329648 | 6405481.634119382 | 6412343.452909116 | 6419185.738106134 | 6426047.556895869 | 6432909.375685604 | 6439771.19447534 | 6446633.013265072 | 6453494.832054807 | 6460356.650844541 | 6467218.469634276 | 6474080.28842401 | 6480942.107213747
 |  |  | Clientes |  |  | 5314574.307116831 | 5795430.11452988 | 5950686.842433574 | 6044553.005187818 | 6106608.555320586 | 6161569.215650161 | 6204868.834905743 | 6230555.165636368 | 6256241.496366996 | 6281927.827097623 | 6307608.377722571 | 6323049.029086959 | 6338489.680451344 | 6353930.33181573 | 6369370.983180116 | 6384896.177750179 | 6391757.996539914 | 6398619.815329648 | 6405481.634119382 | 6412343.452909116 | 6419185.738106134 | 6426047.556895869 | 6432909.375685604 | 6439771.19447534 | 6446633.013265072 | 6453494.832054807 | 6460356.650844541 | 6467218.469634276 | 6474080.28842401 | 6480942.107213747
 |  | CONTAS A PAGAR |  |  |  | 2807016.3113023895 | 2784736.0484192944 | 2668539.017490414 | 2687471.695039268 | 2294104.4679314834 | 2286472.9395670393 | 2291635.2820388814 | 2466996.559168472 | 2535698.268739898 | 2534830.890340034 | 2538701.9240594343 | 2537418.784924335 | 2539658.3804410677 | 2542233.2218511677 | 2552250.55751846 | 2546428.167522916 | 2636835.055665716 | 2548467.7334162905 | 2548886.237935333 | 2577874.9792504287 | 2551802.2699426636 | 2551382.465289792 | 2553109.704559983 | 2553504.633677304 | 2650711.943619203 | 2539990.6869638525 | 2548019.0858978746 | 2555992.5542090097 | 2557510.4463512124 | 2509371.1836759094
 |  |  | Salários a Pagar |  |  | 989854.863640212 | 967933.4649860237 | 887193.3870072433 | 886734.9850328966 | 645914.657511338 | 640226.8897462611 | 640396.791287516 | 712302.1223424583 | 701692.9879768041 | 704178.6909485016 | 738407.8630761924 | 737121.7642377036 | 737305.691127128 | 737629.5150389326 | 741059.067630082 | 737874.7463837463 | 739076.1997182564 | 738097.3234998364 | 737957.7005230552 | 741356.4254919359 | 738546.637901413 | 738057.1912301285 | 738463.6990140624 | 738314.2380987187 | 742353.4853613457 | 738327.534066717 | 738221.447397753 | 738254.0961838671 | 738414.5329500401 | 741632.3850949227
 |  |  | Contas a pagar |  |  | 1382209.7623173913 | 1351599.2432034663 | 1238855.7208024876 | 1238215.619200443 | 901939.8479821712 | 893997.5845055114 | 894234.8309722225 | 994641.7231314455 | 979827.3805155829 | 983298.3569586005 | 1031095.157892574 | 1029299.2800975943 | 1029556.1112265337 | 1030008.29122646 | 1034797.2368042339 | 1030350.7264371952 | 1032028.4072658991 | 1030661.5278223566 | 1030466.5616221189 | 1035212.4602421882 | 1031288.9397541676 | 1030605.4880765193 | 1031173.1258667152 | 1030964.4222033182 | 1036604.7309030048 | 1030982.988376443 | 1030834.8514779138 | 1030880.4414654487 | 1031104.4715455993 | 1035597.8036609706
 |  |  | Tributos |  |  | 434951.68534478586 | 465203.34022980405 | 542489.9096806829 | 562521.0908059286 | 746249.9624379744 | 752248.4653152669 | 757003.6597791429 | 760052.7136945685 | 854177.9002475112 | 847353.8424329322 | 769198.903090668 | 770997.7405890371 | 772796.578087406 | 774595.415585775 | 776394.2530841441 | 778202.6947019747 | 865730.4486815605 | 779708.8820940974 | 780461.9757901587 | 801306.0935163046 | 781966.6922870828 | 782719.7859831441 | 783472.8796792055 | 784225.973375267 | 871753.7273548524 | 770680.1645206923 | 778962.7870222079 | 786858.0165596941 | 787991.4418555732 | 732140.994920016
 |  | CAPITAL DE GIRO |  |  |  | 2507557.9958144412 | 3010694.0661105854 | 3282147.8249431597 | 3357081.3101485497 | 3812504.0873891027 | 3875096.2760831215 | 3913233.552866861 | 3763558.606467896 | 3720543.227627098 | 3747096.9367575888 | 3768906.4536631363 | 3785630.244162624 | 3798831.300010276 | 3811697.109964562 | 3817120.425661656 | 3838468.0102272625 | 3754922.940874198 | 3850152.081913357 | 3856595.396184049 | 3834468.473658687 | 3867383.4681634707 | 3874665.091606077 | 3879799.671125621 | 3886266.560798036 | 3795921.0696458695 | 3913504.1450909544 | 3912337.564946667 | 3911225.915425266 | 3916569.842072798 | 3971570.9235378373
 |  | VARIAÇÃO DO CAPITAL DE GIRO |  |  |  | 2507557.9958144412 | 503136.0702961441 | 271453.75883257436 | 74933.48520539002 | 455422.77724055294 | 62592.18869401887 | 38137.27678373968 | -149674.94639896508 | -43015.37884079805 | 26553.709130490664 | 21809.516905547585 | 16723.790499487426 | 13201.055847652256 | 12865.809954286087 | 5423.31569709396 | 21347.584565606434 | -83545.06935306452 | 95229.14103915915 | 6443.314270691946 | -22126.92252536211 | 32914.99450478377 | 7281.623442606069 | 5134.579519544262 | 6466.889672414865 | -90345.49115216639 | 117583.07544508483 | -1166.5801442875527 | -1111.6495214006864 | 5343.9266475318 | -3916569.842072798
 |  | % estimado do OPEX destinado a salários |  |  |  | 0.2636607667067799
 |  | Mémoria de cálculo % salários |  |  |  | 0.2636607667067799
[12 linhas]
