 | Cálculo - Valor por Tonelada RPU
 | Geração de Resíduos
 |  | Tonelada/ano |  |  |  |  | 1 | 2 | 3 | 4 | 5 | 6 | 7 | 8 | 9 | 10 | 11 | 12 | 13 | 14 | 15 | 16 | 17 | 18 | 19 | 20 | 21 | 22 | 23 | 24 | 25 | 26 | 27 | 28 | 29 | 30
 |  | RSD (Coleta) |  |  |  |  | 70821.69933 | 71150.65513099999 | 71479.61093200001 | 71808.566733 | 72137.52253400002 | 72466.212598 | 72752.04951900002 | 73037.88644 | 73323.72336100001 | 73609.560282 | 73894.872302 | 74060.079649 | 74225.286996 | 74390.494343 | 74555.70169000002 | 74721.693728 | 74788.09699099998 | 74854.50025399998 | 74920.903517 | 74987.30678000001 | 75053.91411900001 | 75120.31738199998 | 75186.72064499998 | 75253.123908 | 75319.527171 | 75385.930434 | 75452.333697 | 75518.73696 | 75585.14022299998 | 75651.543486
 |  | RPU |  |  |  |  | 16643.09934255 | 16720.403955785 | 16797.708569019997 | 16875.013182254996 | 16952.31779549 | 17029.559960529998 | 17096.731636964996 | 17163.9033134 | 17231.074989834997 | 17298.24666627 | 17365.294990969996 | 17404.118717514997 | 17442.942444059994 | 17481.76617060499 | 17520.58989715 | 17559.598026079995 | 17575.202792884997 | 17590.807559689994 | 17606.412326495 | 17622.017093299997 | 17637.669817964994 | 17653.27458477 | 17668.879351574997 | 17684.484118379998 | 17700.088885184996 | 17715.693651989997 | 17731.298418795 | 17746.9031856 | 17762.507952404998 | 17778.11271921
 |  |  |  |  |  |  | 87464.79867255001 | 87871.059086785 | 88277.31950102001 | 88683.57991525499 | 89089.84032949002 | 89495.77255852999 | 89848.78115596501 | 90201.7897534 | 90554.79835083502 | 90907.80694827001 | 91260.16729297 | 91464.198366515 | 91668.22944006 | 91872.260513605 | 92076.29158715002 | 92281.29175408 | 92363.29978388498 | 92445.30781368999 | 92527.315843495 | 92609.32387330002 | 92691.583936965 | 92773.59196676998 | 92855.59999657498 | 92937.60802638 | 93019.61605618498 | 93101.62408598998 | 93183.63211579499 | 93265.64014559999 | 93347.64817540497 | 93429.65620520999
 |  |  | %  de RPU |  |  |  | 0.19028340080971656 | 0.19028340080971662 | 0.19028340080971654 | 0.19028340080971656 | 0.19028340080971654 | 0.1902834008097166 | 0.19028340080971654 | 0.1902834008097166 | 0.19028340080971654 | 0.19028340080971656 | 0.19028340080971656 | 0.19028340080971656 | 0.19028340080971656 | 0.1902834008097165 | 0.19028340080971656 | 0.19028340080971656 | 0.1902834008097166 | 0.19028340080971656 | 0.1902834008097166 | 0.19028340080971654 | 0.1902834008097165 | 0.19028340080971662 | 0.19028340080971662 | 0.1902834008097166 | 0.1902834008097166 | 0.1902834008097166 | 0.19028340080971662 | 0.19028340080971662 | 0.19028340080971662 | 0.19028340080971662
 | Compartilhamento dos Custos e Despesas
 |  | Tonelada/ano |  |  |  |  | 1 | 2 | 3 | 4 | 5 | 6 | 7 | 8 | 9 | 10 | 11 | 12 | 13 | 14 | 15 | 16 | 17 | 18 | 19 | 20 | 21 | 22 | 23 | 24 | 25 | 26 | 27 | 28 | 29 | 30
 | Despesas Pré-operacionais |  |  |  |  |  | 670497.0012550607 | 0 | 0 | 0 | 0 | 0 | 0 | 0 | 0 | 0 | 0 | 0 | 0 | 0 | 0 | 0 | 0 | 0 | 0 | 0 | 0 | 0 | 0 | 0 | 0 | 0 | 0 | 0 | 0 | 0
 |  |  | Ressarcimento de estudos |  | 1 |  | 573020.8279757084 | 0 | 0 | 0 | 0 | 0 | 0 | 0 | 0 | 0 | 0 | 0 | 0 | 0 | 0 | 0 | 0 | 0 | 0 | 0 | 0 | 0 | 0 | 0 | 0 | 0 | 0 | 0 | 0 | 0
 |  |  | B3 |  | 1 |  | 97476.17327935221 | 0 | 0 | 0 | 0 | 0 | 0 | 0 | 0 | 0 | 0 | 0 | 0 | 0 | 0 | 0 | 0 | 0 | 0 | 0 | 0 | 0 | 0 | 0 | 0 | 0 | 0 | 0 | 0 | 0
 |  |  | Infraestrutura SPE |  | 0 |  | 0 | 0 | 0 | 0 | 0 | 0 | 0 | 0 | 0 | 0 | 0 | 0 | 0 | 0 | 0 | 0 | 0 | 0 | 0 | 0 | 0 | 0 | 0 | 0 | 0 | 0 | 0 | 0 | 0 | 0
 | CAPEX |  |  |  |  |  | 4642196.821659919 | 285425.10121457494 | 771178.7039271253 | 433711.60102833994 | 13226.44696356275 | 0 | 0 | 0 | 0 | 170802.3803238866 | 3314327.2841052627 | 0 | 0 | 30592.58542510119 | 13226.446963562752 | 0 | 0 | 433711.60102833994 | 0 | 170802.38032388658 | 1257589.724372469 | 0 | 0 | 464304.1864534412 | 13226.446963562754 | 0 | 0 | 0 | 0 | 446938.0479919028
 |  | Coleta |  |  | 0 |  | 0 | 0 | 0 | 0 | 0 | 0 | 0 | 0 | 0 | 0 | 0 | 0 | 0 | 0 | 0 | 0 | 0 | 0 | 0 | 0 | 0 | 0 | 0 | 0 | 0 | 0 | 0 | 0 | 0 | 0
 |  | Transbordo e Transporte |  |  | 1 |  | 3988765.385303643 | 0 | 38240.731781376504 | 0 | 0 | 0 | 0 | 0 | 0 | 66213.95012145747 | 797423.5020242913 | 0 | 0 | 30592.58542510119 | 0 | 0 | 0 | 0 | 0 | 66213.95012145746 | 797423.5020242911 | 0 | 0 | 30592.585425101206 | 0 | 0 | 0 | 0 | 0 | 0
 |  | Tratamento e Triagem |  |  | 0 |  | 0 | 0 | 0 | 0 | 0 | 0 | 0 | 0 | 0 | 0 | 0 | 0 | 0 | 0 | 0 | 0 | 0 | 0 | 0 | 0 | 0 | 0 | 0 | 0 | 0 | 0 | 0 | 0 | 0 | 0
 |  | Disposição Final |  |  | 1 |  | 460166.22234817804 | 285425.10121457494 | 732937.9721457488 | 433711.60102833994 | 0 | 0 | 0 | 0 | 0 | 0 | 2516903.782080971 | 0 | 0 | 0 | 0 | 0 | 0 | 433711.60102833994 | 0 | 0 | 460166.22234817786 | 0 | 0 | 433711.60102834 | 0 | 0 | 0 | 0 | 0 | 433711.60102834005
 |  | Socioambiental |  |  | 1 |  | 193265.21400809716 | 0 | 0 | 0 | 13226.44696356275 | 0 | 0 | 0 | 0 | 104588.43020242914 | 0 | 0 | 0 | 0 | 13226.446963562752 | 0 | 0 | 0 | 0 | 104588.43020242912 | 0 | 0 | 0 | 0 | 13226.446963562754 | 0 | 0 | 0 | 0 | 13226.446963562757
 | OPEX |  |  |  |  |  | 4720876.03300822 | 4694363.833845243 | 3258970.7568218554 | 3262629.9187634643 | 1121204.3815991578 | 1120179.4122712924 | 1121160.5400081684 | 1117972.3877127361 | 1126113.4108758445 | 1116638.2523737906 | 1439832.4030659443 | 1427494.8143087246 | 1426942.362048404 | 1426495.6425927393 | 1428036.8362774404 | 1425426.3710735582 | 1434002.2467897916 | 1425678.70682164 | 1423601.7066157158 | 1423943.3360444144 | 1427069.8060719923 | 1421921.124056467 | 1423516.855700994 | 1422476.126871986 | 1429564.6176881206 | 1419768.1817401133 | 1419108.307283475 | 1418543.9663076384 | 1417979.0327913892 | 1418977.7899026987
 |  | Coleta |  |  | 0 |  | 0 | 0 | 0 | 0 | 0 | 0 | 0 | 0 | 0 | 0 | 0 | 0 | 0 | 0 | 0 | 0 | 0 | 0 | 0 | 0 | 0 | 0 | 0 | 0 | 0 | 0 | 0 | 0 | 0 | 0
 |  | Transbordo e Transporte |  |  | 1 |  | 2574850.9474898777 | 2574850.9474898786 | 536229.3878137651 | 536229.3878137651 | 536229.3878137651 | 536229.3878137652 | 536229.3878137651 | 536229.3878137652 | 536229.3878137651 | 536229.3878137651 | 536229.3878137651 | 536229.3878137651 | 536229.3878137651 | 536229.387813765 | 536229.3878137651 | 536229.3878137651 | 536229.3878137652 | 536229.3878137651 | 536229.3878137652 | 536229.3878137651 | 536229.387813765 | 536229.3878137653 | 536229.3878137653 | 536229.3878137652 | 536229.3878137652 | 536229.3878137652 | 536229.3878137653 | 536229.3878137653 | 536229.3878137653 | 536229.3878137653
 |  | Tratamento e Triagem |  |  | 0 |  | 0 | 0 | 0 | 0 | 0 | 0 | 0 | 0 | 0 | 0 | 0 | 0 | 0 | 0 | 0 | 0 | 0 | 0 | 0 | 0 | 0 | 0 | 0 | 0 | 0 | 0 | 0 | 0 | 0 | 0
 |  | Disposição Final |  |  | 1 |  | 1784798.8284210525 | 1787433.401052632 | 2578196.4284210517 | 2584101.418987854 | 445217.32813765167 | 445217.3281376518 | 445217.32813765167 | 445217.3281376518 | 445217.32813765167 | 445217.3281376517 | 769822.5198785423 | 769822.5198785423 | 769822.5198785423 | 769822.519878542 | 769822.5198785423 | 769822.5198785423 | 769822.5198785424 | 769822.5198785423 | 769822.5198785424 | 769822.5198785422 | 769822.519878542 | 769822.5198785425 | 769822.5198785425 | 769822.5198785424 | 769822.5198785424 | 769822.5198785424 | 769822.5198785425 | 769822.5198785425 | 769822.5198785425 | 769822.5198785425
 |  | Socioambiental |  |  | 1 |  | 290855.6657894736 | 287997.3997975709 | 103421.99866396759 | 103421.9986639676 | 103421.99866396759 | 103421.99866396762 | 103421.99866396759 | 103421.99866396762 | 103421.99866396759 | 103421.9986639676 | 103421.9986639676 | 103421.9986639676 | 103421.9986639676 | 103421.99866396758 | 103421.9986639676 | 103421.9986639676 | 103421.99866396762 | 103421.9986639676 | 103421.99866396762 | 103421.99866396759 | 103421.99866396758 | 103421.99866396764 | 103421.99866396764 | 103421.99866396762 | 103421.99866396762 | 103421.99866396762 | 103421.99866396764 | 103421.99866396764 | 103421.99866396764 | 103421.99866396764
 |  | Outras Despesas
 |  |  | Despesa com órgão regulador |  | 0 |  | 0 | 0 | 0 | 0 | 0 | 0 | 0 | 0 | 0 | 0 | 0 | 0 | 0 | 0 | 0 | 0 | 0 | 0 | 0 | 0 | 0 | 0 | 0 | 0 | 0 | 0 | 0 | 0 | 0 | 0
 |  |  | Despesa com gestão comercial |  | 0 |  | 0 | 0 | 0 | 0 | 0 | 0 | 0 | 0 | 0 | 0 | 0 | 0 | 0 | 0 | 0 | 0 | 0 | 0 | 0 | 0 | 0 | 0 | 0 | 0 | 0 | 0 | 0 | 0 | 0 | 0
 |  |  | Seguros e Garantias |  | 1 |  | 70370.59130781559 | 44082.085505161114 | 41122.94192307121 | 38877.11329787789 | 36335.66698377347 | 35310.69765590776 | 36291.82539278402 | 33103.67309735147 | 41244.69626046025 | 31769.53775840596 | 30358.496709669176 | 18020.90795244953 | 17468.455692129046 | 17021.736236464803 | 18562.929921165323 | 15952.46471728322 | 24528.34043351627 | 16204.800465364902 | 14127.800259440464 | 14469.429688139704 | 17595.899715717693 | 12447.217700191573 | 14042.949344718283 | 13002.22051571078 | 20090.71133184518 | 10294.275383838087 | 9634.40092719962 | 9070.059951362973 | 8505.126435113574 | 9503.883546423081
 |  | Despesas Administrativas e de Pessoal SPE |  |  | 0 |  | 0 | 0 | 0 | 0 | 0 | 0 | 0 | 0 | 0 | 0 | 0 | 0 | 0 | 0 | 0 | 0 | 0 | 0 | 0 | 0 | 0 | 0 | 0 | 0 | 0 | 0 | 0 | 0 | 0 | 0
 | Tarifa Básica dos Entes Públicos |  |  | 223.66777191751288 | R$ por tonelada |  | 3722524.9477499817 | 3739815.4983511996 | 3757106.048952416 | 3774396.5995536335 | 3791687.150154852 | 3808963.733107433 | 3823987.8723116135 | 3839012.0115157943 | 3854036.1507199747 | 3869060.2899241555 | 3884056.839320606 | 3892740.455734461 | 3901424.0721483156 | 3910107.6885621697 | 3918791.3049760265 | 3927516.1662604697 | 3931006.4496830367 | 3934496.733105603 | 3937987.016528171 | 3941477.299950737 | 3944978.310000995 | 3948468.593423563 | 3951958.876846129 | 3955449.1602686965 | 3958939.4436912625 | 3962429.7271138295 | 3965920.0105363964 | 3969410.2939589634 | 3972900.57738153 | 3976390.860804097
 | Valores em R$
 | Ano |  |  | 1 | 2 | 3 | 4 | 5 | 6 | 7 | 8 | 9 | 10 | 11 | 12 | 13 | 14 | 15 | 16 | 17 | 18 | 19 | 20 | 21 | 22 | 23 | 24 | 25 | 26 | 27 | 28 | 29 | 30
 | ENTRADAS DE CAIXA |  |  | 3722524.9477499817 | 3739815.4983511996 | 3757106.048952416 | 3774396.5995536335 | 3791687.150154852 | 3808963.733107433 | 3823987.8723116135 | 3839012.0115157943 | 3854036.1507199747 | 3869060.2899241555 | 3884056.839320606 | 3892740.455734461 | 3901424.0721483156 | 3910107.6885621697 | 3918791.3049760265 | 3927516.1662604697 | 3931006.4496830367 | 3934496.733105603 | 3937987.016528171 | 3941477.299950737 | 3944978.310000995 | 3948468.593423563 | 3951958.876846129 | 3955449.1602686965 | 3958939.4436912625 | 3962429.7271138295 | 3965920.0105363964 | 3969410.2939589634 | 3972900.57738153 | 3976390.860804097
 | (+) | Receita |  | 3722524.9477499817 | 3739815.4983511996 | 3757106.048952416 | 3774396.5995536335 | 3791687.150154852 | 3808963.733107433 | 3823987.8723116135 | 3839012.0115157943 | 3854036.1507199747 | 3869060.2899241555 | 3884056.839320606 | 3892740.455734461 | 3901424.0721483156 | 3910107.6885621697 | 3918791.3049760265 | 3927516.1662604697 | 3931006.4496830367 | 3934496.733105603 | 3937987.016528171 | 3941477.299950737 | 3944978.310000995 | 3948468.593423563 | 3951958.876846129 | 3955449.1602686965 | 3958939.4436912625 | 3962429.7271138295 | 3965920.0105363964 | 3969410.2939589634 | 3972900.57738153 | 3976390.860804097
 | TRIBUTOS INCIDENTES SOBRE AS RECEITAS  |  |  | -226826.1017253609 | -227829.87948171934 | -228833.65723807775 | -229837.4349944362 | -230841.21275079466 | -231844.88408814813 | -232688.75513574263 | -233532.62618333707 | -234376.49723093156 | -235220.36827852603 | -236062.56583235954 | -236523.22568722576 | -236983.88554209203 | -237444.54539695824 | -237905.20525182458 | -238367.84616840375 | -238514.79934727552 | -238661.75252614726 | -238808.70570501903 | -238955.65888389075 | -239103.91139957512 | -239250.8645784469 | -239397.8177573186 | -239544.77093619038 | -239691.72411506213 | -239838.67729393387 | -239985.63047280558 | -240132.58365167736 | -240279.53683054907 | -240426.4900094208
 | (-) | PIS |  | -24196.41216037488 | -24308.800739282797 | -24421.189318190703 | -24533.577897098618 | -24645.966476006535 | -24758.264265198315 | -24855.921170025485 | -24953.578074852663 | -25051.234979679833 | -25148.891884507007 | -25246.36945558394 | -25302.812962273994 | -25359.25646896405 | -25415.6999756541 | -25472.14348234417 | -25528.85508069305 | -25551.541922939738 | -25574.22876518642 | -25596.91560743311 | -25619.60244967979 | -25642.359015006467 | -25665.045857253157 | -25687.732699499837 | -25710.419541746527 | -25733.106383993207 | -25755.79322623989 | -25778.480068486577 | -25801.16691073326 | -25823.853752979943 | -25846.540595226626
 | (-) | COFINS |  | -111675.74843249944 | -112194.46495053598 | -112713.18146857248 | -113231.897986609 | -113750.61450464555 | -114268.911993223 | -114719.6361693484 | -115170.36034547382 | -115621.08452159923 | -116071.80869772466 | -116521.70517961818 | -116782.21367203383 | -117042.72216444947 | -117303.23065686508 | -117563.7391492808 | -117825.48498781408 | -117930.19349049109 | -118034.9019931681 | -118139.61049584513 | -118244.31899852211 | -118349.34930002985 | -118454.05780270688 | -118558.76630538386 | -118663.47480806088 | -118768.18331073788 | -118872.89181341488 | -118977.60031609189 | -119082.3088187689 | -119187.01732144589 | -119291.7258241229
 | (-) | ISS |  | -90953.94113248657 | -91326.61379190059 | -91699.28645131458 | -92071.95911072858 | -92444.63177014259 | -92817.70782972685 | -93113.19779636874 | -93408.6877630106 | -93704.1777296525 | -93999.66769629437 | -94294.49119715742 | -94438.19905291796 | -94581.9069086785 | -94725.61476443904 | -94869.32262019963 | -95013.50609989664 | -95033.06393384468 | -95052.62176779273 | -95072.17960174079 | -95091.73743568885 | -95112.20308453882 | -95131.76091848688 | -95151.31875243492 | -95170.87658638298 | -95190.43442033103 | -95209.99225427909 | -95229.55008822713 | -95249.10792217519 | -95268.66575612323 | -95288.22359007128
 | (+) | Crédito PIS/COFINS |  | 0 | 0 | 0 | 0 | 0 | 0 | 0 | 0 | 0 | 0 | 0 | 0 | 0 | 0 | 0 | 0 | 0 | 0 | 0 | 0 | 0 | 0 | 0 | 0 | 0 | 0 | 0 | 0 | 0 | 0
 | ENTRADA DE CAIXA LÍQUIDA |  |  | 3495698.846024621 | 3511985.61886948 | 3528272.391714338 | 3544559.164559197 | 3560845.937404057 | 3577118.8490192853 | 3591299.117175871 | 3605479.3853324573 | 3619659.653489043 | 3633839.921645629 | 3647994.2734882464 | 3656217.2300472353 | 3664440.1866062237 | 3672663.143165211 | 3680886.099724202 | 3689148.320092066 | 3692491.6503357613 | 3695834.980579456 | 3699178.310823152 | 3702521.6410668464 | 3705874.39860142 | 3709217.728845116 | 3712561.0590888103 | 3715904.389332506 | 3719247.7195762005 | 3722591.0498198955 | 3725934.3800635906 | 3729277.710307286 | 3732621.0405509807 | 3735964.370794676
 | DESPESAS |  |  | -5391373.03426328 | -4694363.833845243 | -3258970.7568218554 | -3262629.9187634643 | -1121204.3815991578 | -1120179.4122712924 | -1121160.5400081684 | -1117972.3877127361 | -1126113.4108758445 | -1116638.2523737906 | -1439832.4030659443 | -1427494.8143087246 | -1426942.362048404 | -1426495.6425927393 | -1428036.8362774404 | -1425426.3710735582 | -1434002.2467897916 | -1425678.70682164 | -1423601.7066157158 | -1423943.3360444144 | -1427069.8060719923 | -1421921.124056467 | -1423516.855700994 | -1422476.126871986 | -1429564.6176881206 | -1419768.1817401133 | -1419108.307283475 | -1418543.9663076384 | -1417979.0327913892 | -1418977.7899026987
 | (-) | Despesas operacionais |  | -5391373.03426328 | -4694363.833845243 | -3258970.7568218554 | -3262629.9187634643 | -1121204.3815991578 | -1120179.4122712924 | -1121160.5400081684 | -1117972.3877127361 | -1126113.4108758445 | -1116638.2523737906 | -1439832.4030659443 | -1427494.8143087246 | -1426942.362048404 | -1426495.6425927393 | -1428036.8362774404 | -1425426.3710735582 | -1434002.2467897916 | -1425678.70682164 | -1423601.7066157158 | -1423943.3360444144 | -1427069.8060719923 | -1421921.124056467 | -1423516.855700994 | -1422476.126871986 | -1429564.6176881206 | -1419768.1817401133 | -1419108.307283475 | -1418543.9663076384 | -1417979.0327913892 | -1418977.7899026987
 | RESULTADO ANTES DO IR E CSLL |  |  | -1895674.1882386594 | -1182378.2149757626 | 269301.6348924828 | 281929.24579573283 | 2439641.555804899 | 2456939.436747993 | 2470138.577167703 | 2487506.997619721 | 2493546.2426131982 | 2517201.669271839 | 2208161.870422302 | 2228722.415738511 | 2237497.8245578194 | 2246167.500572472 | 2252849.2634467613 | 2263721.949018508 | 2258489.4035459696 | 2270156.273757816 | 2275576.604207436 | 2278578.305022432 | 2278804.592529428 | 2287296.604788649 | 2289044.2033878164 | 2293428.2624605196 | 2289683.10188808 | 2302822.8680797825 | 2306826.0727801155 | 2310733.743999648 | 2314642.0077595916 | 2316986.580891977
 | (-) | Imposto de Renda |  | -273801.99581999856 | -275185.23986809596 | -276568.4839161933 | -277951.7279642907 | -279334.97201238817 | -280717.09864859463 | -281919.02978492907 | -283120.96092126356 | -284322.892057598 | -285524.8231939324 | -286724.5471456485 | -287419.2364587569 | -288113.92577186524 | -288808.6150849736 | -289503.30439808214 | -290201.29330083757 | -290480.51597464294 | -290759.73864844826 | -291038.9613222537 | -291318.18399605894 | -291598.26480007963 | -291877.48747388506 | -292156.7101476903 | -292435.93282149575 | -292715.155495301 | -292994.3781691064 | -293273.6008429117 | -293552.82351671706 | -293832.0461905224 | -294111.26886432775
 | (-) | CSLL |  | -107208.71849519947 | -107706.68635251455 | -108204.65420982959 | -108702.62206714465 | -109200.58992445974 | -109698.15551349406 | -110130.85072257445 | -110563.54593165488 | -110996.24114073528 | -111428.93634981566 | -111860.83697243346 | -112110.92512515248 | -112361.01327787148 | -112611.10143059048 | -112861.18958330956 | -113112.46558830152 | -113212.98575087145 | -113313.50591344138 | -113414.02607601132 | -113514.54623858121 | -113615.37532802866 | -113715.89549059862 | -113816.41565316851 | -113916.93581573847 | -114017.45597830835 | -114117.9761408783 | -114218.4963034482 | -114319.01646601813 | -114419.53662858806 | -114520.05679115799
 | RESULTADO DO EXERCÍCIO |  |  | -2276684.9025538573 | -1565270.1411963734 | -115471.50323354012 | -104725.10423570253 | 2051105.993868051 | 2066524.1825859041 | 2078088.6966601994 | 2093822.4907668028 | 2098227.109414865 | 2120247.9097280907 | 1809576.48630422 | 1829192.2541546014 | 1837022.8855080826 | 1844747.7840569078 | 1850484.7694653696 | 1860408.1901293693 | 1854795.9018204552 | 1866083.0291959264 | 1871123.6168091712 | 1873745.5747877918 | 1873590.95240132 | 1881703.2218241652 | 1883071.0775869577 | 1887075.3938232854 | 1882950.490414471 | 1895710.5137697977 | 1899333.9756337556 | 1902861.9040169127 | 1906390.424940481 | 1908355.2552364913
 | (+/-)  | Capital de Giro |  | -163821.1801549315 | -3271.401304170373 | -76436.36665960631 | -1704.564373786532 | -113101.52501172485 | -1946.2288462709403 | -1597.627816368651 | -1814.1438000224298 | -1225.8053940185928 | -2140.6359815300093 | 15138.319081881258 | -1595.7740329495864 | -983.7569937132066 | -978.2661554804654 | -875.0313126135152 | -1095.1855342058698 | 58.33723748847842 | -819.2707863730029 | -494.88007848814595 | -369.277583482326 | -225.77703371242387 | -654.3963986497838 | -304.1504697461496 | -441.06519563857 | -18.904541001131292 | -895.7601369147305 | -421.28694653481944 | -416.3257720856345 | -416.3565434583579 | 362868.2885381082
 | FLUXO DE CAIXA DO PROJETO |  |  | -2440506.082708789 | -1568541.5425005439 | -191907.86989314645 | -106429.66860948906 | 1938004.4688563263 | 2064577.9537396333 | 2076491.0688438308 | 2092008.3469667803 | 2097001.3040208463 | 2118107.273746561 | 1824714.8053861014 | 1827596.4801216517 | 1836039.1285143695 | 1843769.5179014273 | 1849609.7381527561 | 1859313.0045951633 | 1854854.2390579437 | 1865263.7584095534 | 1870628.7367306831 | 1873376.2972043096 | 1873365.1753676075 | 1881048.8254255154 | 1882766.9271172115 | 1886634.328627647 | 1882931.5858734697 | 1894814.753632883 | 1898912.6886872207 | 1902445.578244827 | 1905974.0683970228 | 2271223.5437745997
 | (-) | Investimentos e Reinvestimentos |  | -4642196.821659919 | -285425.10121457494 | -771178.7039271253 | -433711.60102833994 | -13226.44696356275 | 0 | 0 | 0 | 0 | -170802.3803238866 | -3314327.2841052627 | 0 | 0 | -30592.58542510119 | -13226.446963562752 | 0 | 0 | -433711.60102833994 | 0 | -170802.38032388658 | -1257589.724372469 | 0 | 0 | -464304.1864534412 | -13226.446963562754 | 0 | 0 | 0 | 0 | -446938.0479919028
 | FLUXO DE CAIXA EMPRESA (FCFF) |  |  | -7082702.904368708 | -1853966.6437151188 | -963086.5738202718 | -540141.269637829 | 1924778.0218927634 | 2064577.9537396333 | 2076491.0688438308 | 2092008.3469667803 | 2097001.3040208463 | 1947304.8934226742 | -1489612.4787191614 | 1827596.4801216517 | 1836039.1285143695 | 1813176.9324763261 | 1836383.2911891933 | 1859313.0045951633 | 1854854.2390579437 | 1431552.1573812135 | 1870628.7367306831 | 1702573.916880423 | 615775.4509951386 | 1881048.8254255154 | 1882766.9271172115 | 1422330.1421742057 | 1869705.1389099068 | 1894814.753632883 | 1898912.6886872207 | 1902445.578244827 | 1905974.0683970228 | 1824285.4957826969
 | FLUXO DE CAIXA EMPRESA (FCFF) Acumulado |  |  | -7082702.904368708 | -8936669.548083827 | -9899756.1219041 | -10439897.391541928 | -8515119.369649164 | -6450541.415909531 | -4374050.3470657 | -2282042.00009892 | -185040.6960780737 | 1762264.1973446005 | 272651.7186254391 | 2100248.198747091 | 3936287.3272614605 | 5749464.259737787 | 7585847.55092698 | 9445160.555522144 | 11300014.794580087 | 12731566.951961301 | 14602195.688691985 | 16304769.605572408 | 16920545.056567546 | 18801593.881993063 | 20684360.809110273 | 22106690.95128448 | 23976396.090194385 | 25871210.84382727 | 27770123.53251449 | 29672569.110759318 | 31578543.17915634 | 33402828.674939036
 |  | Apuração do payback FCFE |  |  |  |  |  |  |  |  |  |  | 1 |  |  |  |  |  |  |  |  |  |  |  |  |  |  |  |  |  |  |  |  | #REF! | #REF! | #REF!
 |  | Mês referência |  | 1 | 2 | 3 | 4 | 5 | 6 | 7 | 8 | 9 | 10 | 11 | 12 | 13 | 14 | 15 | 16 | 17 | 18 | 19 | 20 | 21 | 22 | 23 | 24 | 25 | 26 | 27 | 28 | 29 | 30 | #REF! | #REF! | #REF!
 | TAXA INTERNA DE RETORNO  -  (TIR %) a.a. |  |  | 0.11686494030431982
 | TAXA INTERNA DE RETORNO  (TIR %) a.m. |  |  | 0.009253013530612808
 | VALOR PRESENTE LÍQUIDO  (VPL) - em R$ |  |  | -4.378606445156038
 | PAYBACK SIMPLES - em anos |  |  | 10
[58 linhas]
