 | Demonstrativo do Resultado do Exercício - DRE
 | Valores em R$
 | Ano |  |  | 1 | 2 | 3 | 4 | 5 | 6 | 7 | 8 | 9 | 10 | 11 | 12 | 13 | 14 | 15 | 16 | 17 | 18 | 19 | 20 | 21 | 22 | 23 | 24 | 25 | 26 | 27 | 28 | 29 | 30
 | (+) | Receita da tarifa de remuneração |  | 51699269.11834768 | 51947609.19073459 | 52195949.2631215 | 52444289.335508384 | 52692629.40789531 | 52940923.83530923 | 53160994.70680394 | 53381065.57829864 | 53601136.44979335 | 53821207.321288064 | 54041228.67099988 | 54173518.39497182 | 54305808.11894375 | 54438097.842915684 | 54570387.56688761 | 54703401.62541504 | 54762191.12154558 | 54820980.61767611 | 54879770.113806635 | 54938559.609937154 | 54997181.74955353 | 55055971.24568406 | 55114760.74181459 | 55173550.237945125 | 55232339.734075636 | 55291129.23020617 | 55349918.726336695 | 55408708.22246722 | 55467497.71859775 | 55526287.21472829
 | (-)  | Inadimplência |  | -8592166.405066723 | -4940231.595103347 | -3929267.0967158424 | -3416248.293429418 | -3161248.9036283423 | -2963751.308369042 | -2832614.1570129176 | -2844340.3459147643 | -2856066.5348166116 | -2867792.723718459 | -2879516.2739167963 | -2886565.1590442653 | -2893614.0441717342 | -2900662.9292992027 | -2907711.814426671 | -2914799.2947747074 | -2917931.8162773894 | -2921064.337780071 | -2924196.859282752 | -2927329.3807854326 | -2930452.9849148807 | -2933585.506417562 | -2936718.027920244 | -2939850.5494229253 | -2942983.0709256055 | -2946115.592428287 | -2949248.1139309686 | -2952380.6354336496 | -2955513.1569363307 | -2958645.6784390127
 | (+) | Receita RPU |  | 3722524.9477499817 | 3739815.498351199 | 3757106.048952416 | 3774396.599553634 | 3791687.1501548514 | 3808963.7331074337 | 3823987.8723116135 | 3839012.0115157943 | 3854036.1507199747 | 3869060.2899241555 | 3884056.8393206056 | 3892740.455734461 | 3901424.072148316 | 3910107.6885621706 | 3918791.3049760256 | 3927516.1662604697 | 3931006.449683037 | 3934496.7331056036 | 3937987.0165281706 | 3941477.2999507375 | 3944978.310000996 | 3948468.593423563 | 3951958.87684613 | 3955449.160268696 | 3958939.443691263 | 3962429.72711383 | 3965920.0105363964 | 3969410.293958964 | 3972900.57738153 | 3976390.860804096
 | (+) | Outras Receitas |  | 0 | 0 | 0 | 0 | 0 | 0 | 0 | 0 | 7626241.893253908 | 6799518.841762361 | 0 | 0 | 0 | 0 | 0 | 0 | 7266058.959276527 | 0 | 0 | 1682317.9102961456 | 0 | 0 | 0 | 0 | 7266058.959276527 | 0 | 0 | 0 | 0 | 0
 | Receita Operacional Bruta |  |  | 46829627.66103094 | 50747193.09398244 | 52023788.21535807 | 52802437.6416326 | 53323067.65442182 | 53786136.26004762 | 54152368.42210264 | 54375737.24389967 | 62225347.95895063 | 61621993.72925612 | 55045769.23640369 | 55179693.69166201 | 55313618.14692033 | 55447542.60217865 | 55581467.057436965 | 55716118.4969008 | 63041324.71422776 | 55834413.013001636 | 55893560.27105205 | 57635025.4393986 | 56011707.07463964 | 56070854.33269005 | 56130001.59074047 | 56189148.84879089 | 63514355.066117816 | 56307443.36489171 | 56366590.62294212 | 56425737.88099253 | 56484885.13904294 | 56544032.39709337
 | (-) | Impostos sobre Receitas |  | -5664525.377241064 | -6032587.178342119 | -6156359.225622405 | -6234071.296105839 | -3301824.7821942624 | -3324424.702909232 | -3342433.509654806 | -3355227.804480965 | -3646379.928410891 | -3628998.8318576077 | -3393606.961349072 | -3400921.8368471237 | -3408236.7123451754 | -3415551.5878432267 | -3422866.463341278 | -3430219.0930778845 | -3698157.6633843402 | -3435673.929663608 | -3438401.3479564684 | -3502533.3699751385 | -3443854.359772047 | -3446581.7780649085 | -3449309.19635777 | -3452036.6146506313 | -3719975.184957085 | -6610708.279670289 | -6616747.944413973 | -6622787.609157656 | -3465673.706114936 | -6634866.938645028
 | (+) | Crédito de PIS e COFINS |  | 372613.2055461699 | 372613.2055461699 | 372613.2055461699 | 372613.2055461699 | 0 | 0 | 0 | 0 | 0 | 0 | 0 | 0 | 0 | 0 | 0 | 0 | 0 | 0 | 0 | 0 | 0 | 0 | 0 | 0 | 0 | 461999.24519365904 | 461999.24519365904 | 461999.24519365904 | 0 | 461999.24519365904
 | Receita Operacional Líquida |  |  | 41537715.48933604 | 45087219.121186495 | 46240042.19528183 | 46940979.55107293 | 50021242.87222756 | 50461711.55713839 | 50809934.91244783 | 51020509.43941871 | 58578968.03053974 | 57992994.89739852 | 51652162.27505462 | 51778771.85481489 | 51905381.434575155 | 52031991.01433542 | 52158600.594095685 | 52285899.403822914 | 59343167.05084342 | 52398739.08333803 | 52455158.92309558 | 54132492.06942347 | 52567852.71486759 | 52624272.554625146 | 52680692.3943827 | 52737112.23414026 | 59794379.88116073 | 50158734.33041508 | 50211841.923721805 | 50264949.51702853 | 53019211.43292801 | 50371164.703642
 | (-) | Despesas Operacionais |  | -52367308.187345766 | -44665438.74194763 | -40939675.41478199 | -40918522.38511102 | -29805831.300620776 | -29543368.38154695 | -29551208.51432219 | -32869291.084698413 | -32379730.946263634 | -32494434.092532713 | -34073944.50947964 | -34014597.28060018 | -34023084.6152257 | -34038027.51948421 | -34196284.75173569 | -34049343.75764066 | -34104785.006708995 | -34059614.61292535 | -34053171.68916873 | -34210006.37604513 | -34080348.295151934 | -34057762.703161865 | -34076521.06742783 | -34069624.170481816 | -34256015.85720282 | -34070237.71497184 | -34065342.32930189 | -34066848.91256297 | -34074252.29183507 | -34222740.57440518
 | EBTIDA |  |  | -10829592.698009722 | 421780.37923886627 | 5300366.780499846 | 6022457.165961914 | 20215411.57160678 | 20918343.17559144 | 21258726.39812564 | 18151218.3547203 | 26199237.08427611 | 25498560.804865804 | 17578217.765574977 | 17764174.574214704 | 17882296.819349453 | 17993963.494851217 | 17962315.842359997 | 18236555.646182254 | 25238382.044134423 | 18339124.47041268 | 18401987.233926848 | 19922485.693378337 | 18487504.419715658 | 18566509.85146328 | 18604171.32695487 | 18667488.063658446 | 25538364.02395791 | 16088496.615443237 | 16146499.594419912 | 16198100.604465567 | 18944959.14109294 | 16148424.129236825
 | Margem EBTIDA |  |  | -0.26071709939825644 | 0.009354765883990205 | 0.11462720466636331 | 0.12829849789157752 | 0.4041365310183174 | 0.4145389153498163 | 0.418397040554317 | 0.3557631735581333 | 0.44724647710791554 | 0.43968346263161573 | 0.34031910749386707 | 0.3430783299384653 | 0.3445172027468758 | 0.34582500388835147 | 0.3443787915658404 | 0.34878534851881837 | 0.4252955023871737 | 0.3499917133739623 | 0.35081367803891267 | 0.36803193298081094 | 0.3516884077421503 | 0.3528126651478334 | 0.3531497116187983 | 0.35397251144088493 | 0.42710308351243925 | 0.32075164635259845 | 0.32156756206929243 | 0.3222543891937671 | 0.35732253704035705 | 0.32058865869482744
 | (-)  | Amortização  |  | -1493138.8165 | -1680747.3541720808 | -1768652.9946227835 | -1793261.7279543802 | -1735293.4577782939 | -1682385.441300767 | -1760449.1450007411 | -1704395.8248316343 | -2280340.084681421 | -2267666.0401959904 | -3075863.140948783 | -2971848.445361143 | -2871351.1549383025 | -2783709.605964828 | -2896352.771016742 | -2813364.9397456446 | -3713854.0192090427 | -3763594.9745512865 | -3636323.646909456 | -3636375.9087706646 | -4202288.366140739 | -4060181.9962712456 | -4327749.050817629 | -4541411.269384874 | -6722551.565251087 | -6524085.92762424 | -6303464.6643712465 | -6090304.023547098 | -5884351.7135720765 | -8034166.056465776
 | EBIT |  |  | -12322731.514509723 | -1258966.9749332145 | 3531713.785877062 | 4229195.438007534 | 18480118.113828488 | 19235957.73429067 | 19498277.2531249 | 16446822.529888663 | 23918896.99959469 | 23230894.764669813 | 14502354.624626193 | 14792326.128853561 | 15010945.66441115 | 15210253.888886388 | 15065963.071343254 | 15423190.70643661 | 21524528.02492538 | 14575529.495861392 | 14765663.58701739 | 16286109.784607671 | 14285216.05357492 | 14506327.855192035 | 14276422.276137242 | 14126076.794273572 | 18815812.458706822 | 9564410.687818997 | 9843034.930048665 | 10107796.580918469 | 13060607.427520864 | 8114258.072771049
 | (-) | Imposto de Renda |  | 0 | 0 | -594049.9125284858 | -716109.201651319 | -4241845.412353746 | -4278890.90080381 | -4308189.473768211 | -4326058.979511974 | -4954027.83671605 | -4905759.49834049 | -4379661.538912295 | -4390375.495332961 | -4401089.451753627 | -4411803.408174292 | -4422517.364594957 | -4433289.479752064 | -5019305.97713822 | -4442753.041040131 | -4447484.821684164 | -4586802.035151889 | -4456936.5659711715 | -4461668.346615205 | -4466400.127259238 | -4471131.907903272 | -5057148.4052894255 | -2367102.671954751 | -2436758.732512167 | -2502949.1452296167 | -4494790.811123435 | -2004564.5181927637
 | (-) | Contribuição Social |  | 0 | 0 | -222497.96851025487 | -266439.3125944749 | -1535704.3484473485 | -1549040.7242893716 | -1559588.210556556 | -1566021.2326243108 | -1792090.021217778 | -1774713.4194025765 | -1585318.1540084262 | -1589175.1783198658 | -1593032.2026313054 | -1596889.226942745 | -1600746.2512541844 | -1604624.2127107428 | -1815590.1517697594 | -1608031.0947744471 | -1609734.535806299 | -1659888.7326546798 | -1613137.1637496217 | -1614840.6047814735 | -1616544.0458133256 | -1618247.4868451778 | -1829213.4259041932 | -860796.9619037104 | -885873.1437043801 | -909701.6922826619 | -1626764.6920044366 | -730283.2265493949
 | Lucro Líquido do Exercício |  |  | -12322731.514509723 | -1258966.9749332145 | 2715165.9048383213 | 3246646.92376174 | 12702568.353027392 | 13408026.10919749 | 13630499.568800133 | 10554742.317752378 | 17172779.14166086 | 16550421.846926745 | 8537374.931705471 | 8812775.455200734 | 9016824.010026217 | 9201561.253769353 | 9042699.455494113 | 9385277.013973802 | 14689631.8960174 | 8524745.360046815 | 8708444.22952693 | 10039419.016801104 | 8215142.323854126 | 8429818.903795358 | 8193478.103064679 | 8036697.399525124 | 11929450.627513202 | 6336511.053960536 | 6520403.053832118 | 6695145.74340619 | 6939051.924392993 | 5379410.328028891
 | Lucro Líquido Acumulado |  |  | -12322731.514509723 | -13581698.489442937 | -10866532.584604615 | -7619885.660842875 | 5082682.692184517 | 18490708.801382005 | 32121208.370182138 | 42675950.68793452 | 59848729.82959538 | 76399151.67652212 | 84936526.6082276 | 93749302.06342833 | 102766126.07345454 | 111967687.3272239 | 121010386.782718 | 130395663.7966918 | 145085295.6927092 | 153610041.052756 | 162318485.28228295 | 172357904.29908407 | 180573046.6229382 | 189002865.52673355 | 197196343.62979823 | 205233041.02932337 | 217162491.65683657 | 223499002.7107971 | 230019405.76462922 | 236714551.5080354 | 243653603.4324284 | 249033013.76045728
[20 linhas]
