 | Demonstrativo de Fluxo de Caixa
 | Valores em R$
 | Ano |  |  | 1 | 2 | 3 | 4 | 5 | 6 | 7 | 8 | 9 | 10 | 11 | 12 | 13 | 14 | 15 | 16 | 17 | 18 | 19 | 20 | 21 | 22 | 23 | 24 | 25 | 26 | 27 | 28 | 29 | 30
 | ENTRADAS DE CAIXA |  |  | 46829627.66103094 | 50747193.09398244 | 52023788.21535807 | 52802437.6416326 | 53323067.65442182 | 53786136.26004762 | 54152368.42210264 | 54375737.24389967 | 62225347.958950624 | 61621993.72925612 | 55045769.23640369 | 55179693.69166201 | 55313618.14692033 | 55447542.60217865 | 55581467.057436965 | 55716118.4969008 | 63041324.71422776 | 55834413.013001636 | 55893560.271052055 | 57635025.4393986 | 56011707.07463964 | 56070854.33269005 | 56130001.59074047 | 56189148.84879089 | 63514355.066117816 | 56307443.36489171 | 56366590.62294212 | 56425737.88099253 | 56484885.13904294 | 56544032.39709337
 | (+) | Receitas da tarifa de remuneração |  | 51699269.11834768 | 51947609.19073459 | 52195949.2631215 | 52444289.335508384 | 52692629.40789531 | 52940923.83530923 | 53160994.70680394 | 53381065.57829864 | 53601136.44979335 | 53821207.321288064 | 54041228.67099988 | 54173518.39497182 | 54305808.11894375 | 54438097.842915684 | 54570387.56688761 | 54703401.62541504 | 54762191.12154558 | 54820980.61767611 | 54879770.113806635 | 54938559.609937154 | 54997181.74955353 | 55055971.24568406 | 55114760.74181459 | 55173550.237945125 | 55232339.734075636 | 55291129.23020617 | 55349918.726336695 | 55408708.22246722 | 55467497.71859775 | 55526287.21472829
 | (+) | Receita RPU |  | 3722524.9477499817 | 3739815.498351199 | 3757106.048952416 | 3774396.599553634 | 3791687.1501548514 | 3808963.7331074337 | 3823987.8723116135 | 3839012.0115157943 | 3854036.1507199747 | 3869060.2899241555 | 3884056.8393206056 | 3892740.455734461 | 3901424.072148316 | 3910107.6885621706 | 3918791.3049760256 | 3927516.1662604697 | 3931006.449683037 | 3934496.7331056036 | 3937987.0165281706 | 3941477.2999507375 | 3944978.310000996 | 3948468.593423563 | 3951958.87684613 | 3955449.160268696 | 3958939.443691263 | 3962429.72711383 | 3965920.0105363964 | 3969410.293958964 | 3972900.57738153 | 3976390.860804096
 | (+) | Receitas acessórias |  | 0 | 0 | 0 | 0 | 0 | 0 | 0 | 0 | 0 | 0 | 0 | 0 | 0 | 0 | 0 | 0 | 0 | 0 | 0 | 0 | 0 | 0 | 0 | 0 | 0 | 0 | 0 | 0 | 0 | 0
 | (+) | Outras Receitas (ganhos alienação de ativo não circulante) |  | 0 | 0 | 0 | 0 | 0 | 0 | 0 | 0 | 7626241.893253908 | 6799518.841762361 | 0 | 0 | 0 | 0 | 0 | 0 | 7266058.959276527 | 0 | 0 | 1682317.9102961456 | 0 | 0 | 0 | 0 | 7266058.959276527 | 0 | 0 | 0 | 0 | 0
 | (-) | Inadimplência |  | -8592166.405066723 | -4940231.595103347 | -3929267.0967158424 | -3416248.293429418 | -3161248.9036283423 | -2963751.308369042 | -2832614.1570129176 | -2844340.3459147643 | -2856066.5348166116 | -2867792.723718459 | -2879516.2739167963 | -2886565.1590442653 | -2893614.0441717342 | -2900662.9292992027 | -2907711.814426671 | -2914799.2947747074 | -2917931.8162773894 | -2921064.337780071 | -2924196.859282752 | -2927329.3807854326 | -2930452.9849148807 | -2933585.506417562 | -2936718.027920244 | -2939850.5494229253 | -2942983.0709256055 | -2946115.592428287 | -2949248.1139309686 | -2952380.6354336496 | -2955513.1569363307 | -2958645.6784390127
 | TRIBUTOS INCIDENTES SOBRE AS RECEITAS  |  |  | -5291912.171694894 | -5659973.972795949 | -5783746.020076236 | -5861458.09055967 | -3301824.7821942624 | -3324424.702909232 | -3342433.509654806 | -3355227.804480965 | -3646379.928410891 | -3628998.8318576077 | -3393606.961349072 | -3400921.8368471237 | -3408236.7123451754 | -3415551.5878432267 | -3422866.463341278 | -3430219.0930778845 | -3698157.6633843402 | -3435673.929663608 | -3438401.3479564684 | -3502533.3699751385 | -3443854.359772047 | -3446581.7780649085 | -3449309.19635777 | -3452036.6146506313 | -3719975.184957085 | -6148709.034476629 | -6154748.699220314 | -6160788.363963997 | -3465673.706114936 | -6172867.693451368
 | (-) | PIS |  | -772688.8564070106 | -837328.6860507104 | -858392.5055534082 | -871240.2210869379 | -346599.93975374184 | -349609.8856903095 | -351990.3947436671 | -353442.2920853479 | -404464.7617331791 | -400542.9592401648 | -357797.50003662397 | -358668.0089958031 | -359538.5179549821 | -360409.0269141612 | -361279.53587334027 | -362154.77022985514 | -409768.61064248043 | -362923.6845845106 | -363308.1417618383 | -374627.6653560909 | -364076.09598515765 | -364460.5531624853 | -364845.0103398131 | -365229.4675171408 | -412843.3079297658 | -929072.8155207132 | -930048.7452785451 | -931024.6750363768 | -367151.7534037791 | -932976.5345520406
 | (-) | COFINS |  | -3559051.7022383516 | -3856786.6751426654 | -3953807.904367213 | -4012985.260764078 | -1599692.0296326545 | -1613584.0878014285 | -1624571.052663079 | -1631272.1173169902 | -1866760.4387685189 | -1848659.8118776837 | -1651373.0770921106 | -1655390.8107498602 | -1659408.5444076099 | -1663426.2780653595 | -1667444.0117231088 | -1671483.554907024 | -1891239.7414268327 | -1675032.390390049 | -1676806.8081315614 | -1729050.7631819579 | -1680351.212239189 | -1682125.6299807015 | -1683900.0477222141 | -1685674.4654637268 | -1905430.6519835345 | -4279365.695731769 | -4283860.887343601 | -4288356.078955432 | -1694546.5541712882 | -4297346.462179096
 | (-) | ISS |  | -1332784.818595702 | -1338471.817148743 | -1344158.8157017839 | -1349845.8142548245 | -1355532.8128078657 | -1361230.7294174938 | -1365872.06224806 | -1370513.3950786267 | -1375154.727909193 | -1379796.0607397596 | -1384436.3842203375 | -1386863.0171014604 | -1389289.6499825832 | -1391716.2828637061 | -1394142.9157448288 | -1396580.7679410055 | -1397149.311315027 | -1397717.8546890481 | -1398286.398063069 | -1398854.9414370898 | -1399427.0515477003 | -1399995.5949217214 | -1400564.1382957427 | -1401132.6816697638 | -1401701.2250437846 | -1402269.768417806 | -1402838.311791827 | -1403406.8551658478 | -1403975.3985398689 | -1404543.9419138902
 | (+) | Crédito PIS/COFINS |  | 372613.2055461699 | 372613.2055461699 | 372613.2055461699 | 372613.2055461699 | 0 | 0 | 0 | 0 | 0 | 0 | 0 | 0 | 0 | 0 | 0 | 0 | 0 | 0 | 0 | 0 | 0 | 0 | 0 | 0 | 0 | 461999.24519365904 | 461999.24519365904 | 461999.24519365904 | 0 | 461999.24519365904
 | ENTRADA DE CAIXA LÍQUIDA |  |  | 41537715.48933604 | 45087219.121186495 | 46240042.19528183 | 46940979.55107293 | 50021242.87222756 | 50461711.55713839 | 50809934.91244783 | 51020509.43941871 | 58578968.030539736 | 57992994.89739852 | 51652162.27505462 | 51778771.85481489 | 51905381.434575155 | 52031991.01433542 | 52158600.594095685 | 52285899.403822914 | 59343167.05084342 | 52398739.08333803 | 52455158.923095584 | 54132492.06942347 | 52567852.71486759 | 52624272.554625146 | 52680692.3943827 | 52737112.23414026 | 59794379.88116073 | 50158734.33041508 | 50211841.923721805 | 50264949.51702853 | 53019211.43292801 | 50371164.703642
 | DESPESAS |  |  | -52367308.187345766 | -44665438.74194763 | -40939675.41478199 | -40918522.38511102 | -29805831.300620776 | -29543368.38154695 | -29551208.51432219 | -32869291.084698413 | -32379730.946263634 | -32494434.092532713 | -34073944.50947964 | -34014597.28060018 | -34023084.6152257 | -34038027.51948421 | -34196284.75173569 | -34049343.75764066 | -34104785.006708995 | -34059614.61292535 | -34053171.68916873 | -34210006.37604513 | -34080348.295151934 | -34057762.703161865 | -34076521.06742783 | -34069624.170481816 | -34256015.85720282 | -34070237.71497184 | -34065342.32930189 | -34066848.91256297 | -34074252.29183507 | -34222740.57440518
 | (-) | Despesas operacionais |  | -52367308.187345766 | -44665438.74194763 | -40939675.41478199 | -40918522.38511102 | -29805831.300620776 | -29543368.38154695 | -29551208.51432219 | -32869291.084698413 | -32379730.946263634 | -32494434.092532713 | -34073944.50947964 | -34014597.28060018 | -34023084.6152257 | -34038027.51948421 | -34196284.75173569 | -34049343.75764066 | -34104785.006708995 | -34059614.61292535 | -34053171.68916873 | -34210006.37604513 | -34080348.295151934 | -34057762.703161865 | -34076521.06742783 | -34069624.170481816 | -34256015.85720282 | -34070237.71497184 | -34065342.32930189 | -34066848.91256297 | -34074252.29183507 | -34222740.57440518
 | RESULTADO ANTES DO IR E CSLL |  |  | -10829592.698009722 | 421780.37923886627 | 5300366.780499846 | 6022457.165961914 | 20215411.57160678 | 20918343.17559144 | 21258726.39812564 | 18151218.3547203 | 26199237.084276102 | 25498560.804865804 | 17578217.765574977 | 17764174.574214704 | 17882296.819349453 | 17993963.494851217 | 17962315.842359997 | 18236555.646182254 | 25238382.044134423 | 18339124.47041268 | 18401987.233926855 | 19922485.693378337 | 18487504.419715658 | 18566509.85146328 | 18604171.32695487 | 18667488.063658446 | 25538364.02395791 | 16088496.615443237 | 16146499.594419912 | 16198100.604465567 | 18944959.14109294 | 16148424.129236825
 | (-) | Imposto de Renda |  | 0 | 0 | -594049.9125284858 | -716109.201651319 | -4241845.412353746 | -4278890.90080381 | -4308189.473768211 | -4326058.979511974 | -4954027.83671605 | -4905759.49834049 | -4379661.538912295 | -4390375.495332961 | -4401089.451753627 | -4411803.408174292 | -4422517.364594957 | -4433289.479752064 | -5019305.97713822 | -4442753.041040131 | -4447484.821684164 | -4586802.035151889 | -4456936.5659711715 | -4461668.346615205 | -4466400.127259238 | -4471131.907903272 | -5057148.4052894255 | -2367102.671954751 | -2436758.732512167 | -2502949.1452296167 | -4494790.811123435 | -2004564.5181927637
 | (-) | CSLL |  | 0 | 0 | -222497.96851025487 | -266439.3125944749 | -1535704.3484473485 | -1549040.7242893716 | -1559588.210556556 | -1566021.2326243108 | -1792090.021217778 | -1774713.4194025765 | -1585318.1540084262 | -1589175.1783198658 | -1593032.2026313054 | -1596889.226942745 | -1600746.2512541844 | -1604624.2127107428 | -1815590.1517697594 | -1608031.0947744471 | -1609734.535806299 | -1659888.7326546798 | -1613137.1637496217 | -1614840.6047814735 | -1616544.0458133256 | -1618247.4868451778 | -1829213.4259041932 | -860796.9619037104 | -885873.1437043801 | -909701.6922826619 | -1626764.6920044366 | -730283.2265493949
 | RESULTADO DO EXERCÍCIO |  |  | -10829592.698009722 | 421780.37923886627 | 4483818.899461105 | 5039908.65171612 | 14437861.810805686 | 15090411.550498258 | 15390948.713800874 | 12259138.142584013 | 19453119.226342276 | 18818087.887122735 | 11613238.072654255 | 11784623.900561878 | 11888175.16496452 | 11985270.859734181 | 11939052.226510856 | 12198641.953719448 | 18403485.91522644 | 12288340.334598102 | 12344767.876436394 | 13675794.92557177 | 12417430.689994864 | 12490000.900066603 | 12521227.153882308 | 12578108.668909995 | 18652002.19276429 | 12860596.981584776 | 12823867.718203364 | 12785449.766953288 | 12823403.63796507 | 13413576.384494666
 | (+/-)  | Capital de Giro |  | -2507557.9958144412 | -503136.0702961441 | -271453.75883257436 | -74933.48520539002 | -455422.77724055294 | -62592.18869401887 | -38137.27678373968 | 149674.94639896508 | 43015.37884079805 | -26553.709130490664 | -21809.516905547585 | -16723.790499487426 | -13201.055847652256 | -12865.809954286087 | -5423.31569709396 | -21347.584565606434 | 83545.06935306452 | -95229.14103915915 | -6443.314270691946 | 22126.92252536211 | -32914.99450478377 | -7281.623442606069 | -5134.579519544262 | -6466.889672414865 | 90345.49115216639 | -117583.07544508483 | 1166.5801442875527 | 1111.6495214006864 | -5343.9266475318 | 3916569.842072798
 | FLUXO DE CAIXA DO PROJETO |  |  | -13337150.693824163 | -81355.69105727784 | 4212365.14062853 | 4964975.166510729 | 13982439.033565134 | 15027819.36180424 | 15352811.437017133 | 12408813.088982977 | 19496134.605183072 | 18791534.177992243 | 11591428.555748707 | 11767900.11006239 | 11874974.109116867 | 11972405.049779896 | 11933628.910813762 | 12177294.369153842 | 18487030.984579504 | 12193111.193558943 | 12338324.562165702 | 13697921.84809713 | 12384515.69549008 | 12482719.276623998 | 12516092.574362764 | 12571641.77923758 | 18742347.683916457 | 12743013.90613969 | 12825034.298347652 | 12786561.416474689 | 12818059.71131754 | 17330146.226567462
 | (-) | Investimentos e Reinvestimentos |  | -44794164.495 | -6904933.485 | -4052790.21 | -2279292.8819999998 | -69509.20000000001 | -144335.12 | -3238943.16 | -80011.86 | -13938778.340000002 | -1353217.01 | -17697629.191999998 | 0 | 0 | -160773.79999999996 | -3308452.3600000003 | -224346.97999999998 | -13938778.340000002 | -2279292.8819999998 | 0 | -1353217.01 | -6888816.91 | 0 | -3238943.16 | -2520078.542 | -14008287.540000001 | -144335.12 | 0 | 0 | 0 | -2348802.082
 | FLUXO DE CAIXA EMPRESA (FCFF) |  |  | -58131315.18882416 | -6986289.176057278 | 159574.93062852975 | 2685682.2845107294 | 13912929.833565135 | 14883484.24180424 | 12113868.277017133 | 12328801.228982978 | 5557356.265183071 | 17438317.16799224 | -6106200.636251291 | 11767900.11006239 | 11874974.109116867 | 11811631.249779895 | 8625176.55081376 | 11952947.389153842 | 4548252.644579502 | 9913818.311558943 | 12338324.562165702 | 12344704.83809713 | 5495698.785490081 | 12482719.276623998 | 9277149.414362764 | 10051563.23723758 | 4734060.143916456 | 12598678.786139691 | 12825034.298347652 | 12786561.416474689 | 12818059.71131754 | 14981344.144567462
 | FLUXO DE CAIXA EMPRESA (FCFF) Acumulado |  |  | -58131315.18882416 | -65117604.36488144 | -64958029.43425291 | -62272347.14974218 | -48359417.31617704 | -33475933.0743728 | -21362064.797355667 | -9033263.56837269 | -3475907.3031896185 | 13962409.864802623 | 7856209.228551332 | 19624109.338613722 | 31499083.44773059 | 43310714.69751048 | 51935891.248324245 | 63888838.63747808 | 68437091.28205758 | 78350909.59361653 | 90689234.15578224 | 103033938.99387936 | 108529637.77936944 | 121012357.05599344 | 130289506.4703562 | 140341069.70759377 | 145075129.85151023 | 157673808.63764992 | 170498842.93599758 | 183285404.35247228 | 196103464.0637898 | 211084808.20835727
 |  | Apuração do payback FCFE |  |  |  |  |  |  |  |  |  |  | 1
 |  | Mês referência |  | 1 | 2 | 3 | 4 | 5 | 6 | 7 | 8 | 9 | 10 | 11 | 12 | 13 | 14 | 15 | 16 | 17 | 18 | 19 | 20 | 21 | 22 | 23 | 24 | 25 | 26 | 27 | 28 | 29 | 30
 | (+) | Ingresso de Financiamentos |  | 22397082.2475 | 9497383.094243519 | 7781110.914039118 | 23380755.498117354 | 112268.26800000001 | 0 | 0 | 0 | 0 | 3097085.1085999995 | 9291255.325799998 | 0 | 0 | 0 | 0 | 0 | 0 | 0 | 0 | 0 | 0 | 0 | 0 | 0 | 0 | 0 | 0 | 0 | 0 | 0
 | (-) | Serviço da Dívida |  | 0 | -25519923.427800044 | 0 | 0 | 0 | -550611.5378154007 | -1101223.0756308017 | -3400322.9062917717 | -4790840.178491782 | -4797474.602773839 | -4797474.60277384 | -4797474.60277384 | -4797474.602773839 | -4797474.60277384 | -5712576.305781009 | -6261637.32758531 | -6261637.327585312 | -6261637.32758531 | -6261637.32758531 | -6261637.327585311 | -5711025.789769909 | -5160414.251954508 | -2861314.421293539 | -1470797.1490935278 | -1464162.7248114708 | -1464162.724811471 | -1464162.7248114713 | -1464162.724811471 | -1464162.7248114708 | -549061.0218043015
 |  |  |  . Amortização | 0 | -22397082.2475 | 0 | 0 | 0 | -267203.0363215988 | -554403.126583933 | -1658146.6910060332 | -2406459.5565890037 | -2535637.092654613 | -2668427.0990728913 | -2808175.691332445 | -2955247.745530285 | -3110027.281650693 | -3701182.593448015 | -4156790.738139217 | -4375063.019321017 | -4604803.059194087 | -4846613.680347645 | -5101129.410027304 | -4812757.221308198 | -4496831.379818509 | -2396458.6214541807 | -1084573.8518603025 | -1135340.4232393762 | -1195672.523025044 | -1259210.6764225108 | -1326125.2534304706 | -1396595.6775258097 | -539694.6315399633
 |  |  |  . Juros de financiamentos  | 0 | -3122841.1803000458 | 0 | 0 | 0 | -283408.50149380194 | -546819.9490468686 | -1742176.2152857387 | -2384380.6219027787 | -2261837.510119226 | -2129047.5037009483 | -1989298.9114413941 | -1842226.8572435535 | -1687447.3211231465 | -2011393.7123329933 | -2104846.589446093 | -1886574.3082642942 | -1656834.2683912227 | -1415023.6472376655 | -1160507.9175580072 | -898268.5684617115 | -663582.8721359989 | -464855.7998393582 | -386223.2972332254 | -328822.30157209473 | -268490.20178642694 | -204952.04838896045 | -138037.47138100053 | -67567.04728566109 | -9366.390264338173
 | (-) | Outros desembolsos financeiros |  | -421065.146253 | -1063690.34290752 | 0 | -302814.1912512 | 0 | -275305.76890770043 | 0 | -919639.9322643878 | -4422.949521371629 | -532900.80016672 | 0 | 0 | 0 | 0 | -366040.68120286753 | 0 | 0 | 0 | 0 | 0 | 275305.7689077002 | 0 | 919639.9322643882 | 4422.94952137128 | 0 | 0 | 0 | 0 | 0 | 366040.68120286777
 | (+) | Benefício Fiscal da Dívida |  | 0 | 0 | 16800 | 61616.500305177644 | 0 | 0 | 0 | 0 | 0 | 0 | 0 | 0 | 0 | 0 | 0 | 0 | 0 | 0 | 0 | 0 | 0 | 0 | 0 | 0 | 0 | 67122.55044660531 | 51238.012097239494 | 34509.36784525029 | 0 | -89168.5727346316
 | FLUXO DE CAIXA ACIONISTA (FCFE) |  |  | -36155298.08757716 | -24072519.852521323 | 7957485.844667648 | 25825240.09168206 | 14025198.101565134 | 14057566.93508114 | 11012645.201386333 | 8008838.390426818 | 762093.1371699166 | 15205026.873651681 | -1612419.913225133 | 6970425.507288551 | 7077499.5063430285 | 7014156.647006055 | 2546559.5638298844 | 5691310.061568532 | -1713384.6830058098 | 3652180.9839736335 | 6076687.234580392 | 6083067.51051182 | 59978.76462787157 | 7322305.02466949 | 7335474.9253336135 | 8585189.037665425 | 3269897.419104985 | 11201638.611774826 | 11412109.58563342 | 11356908.059508467 | 11353896.98650607 | 14709155.231231397
 |  |  |  | FCFF
 | TAXA INTERNA DE RETORNO  -  (TIR %) a.a. |  |  | 0.11686498859823247
 | TAXA INTERNA DE RETORNO  (TIR %) a.m. |  |  | 0.009253017167338395
 | VALOR PRESENTE LÍQUIDO  (VPL) - em R$ |  |  | 0
 | PAYBACK SIMPLES - em anos |  |  | 10
[40 linhas]
