 | GRÁFICOS
 | 1. | Gráfico - Receitas RSD e RPU
 | R$ em mil
 | Ano | 1 | 2 | 3 | 4 | 5 | 6 | 7 | 8 | 9 | 10 | 11 | 12 | 13 | 14 | 15 | 16 | 17 | 18 | 19 | 20 | 21 | 22 | 23 | 24 | 25 | 26 | 27 | 28 | 29 | 30
 | RSD | 43107102.71328096 | 47007377.59563124 | 48266682.166405655 | 49028041.042078964 | 49531380.50426697 | 49977172.52694019 | 50328380.54979102 | 50536725.23238388 | 50745069.914976746 | 50953414.59756961 | 51161712.39708308 | 51286953.23592755 | 51412194.074772015 | 51537434.91361648 | 51662675.75246094 | 51788602.33064033 | 51844259.30526819 | 51899916.279896036 | 51955573.25452388 | 52011230.22915172 | 52066728.76463865 | 52122385.73926649 | 52178042.713894345 | 52233699.6885222 | 52289356.66315003 | 52345013.63777788 | 52400670.612405725 | 52456327.58703357 | 52511984.561661415 | 52567641.536289275
 | RPU | 3722524.9477499817 | 3739815.498351199 | 3757106.048952416 | 3774396.599553634 | 3791687.1501548514 | 3808963.7331074337 | 3823987.8723116135 | 3839012.0115157943 | 3854036.1507199747 | 3869060.2899241555 | 3884056.8393206056 | 3892740.455734461 | 3901424.072148316 | 3910107.6885621706 | 3918791.3049760256 | 3927516.1662604697 | 3931006.449683037 | 3934496.7331056036 | 3937987.0165281706 | 3941477.2999507375 | 3944978.310000996 | 3948468.593423563 | 3951958.87684613 | 3955449.160268696 | 3958939.443691263 | 3962429.72711383 | 3965920.0105363964 | 3969410.293958964 | 3972900.57738153 | 3976390.860804096
 | Total | 46829627.66103094 | 50747193.09398244 | 52023788.21535807 | 52802437.6416326 | 53323067.65442182 | 53786136.26004762 | 54152368.42210264 | 54375737.24389967 | 54599106.065696724 | 54822474.88749376 | 55045769.23640369 | 55179693.69166201 | 55313618.14692033 | 55447542.60217865 | 55581467.057436965 | 55716118.4969008 | 55775265.75495123 | 55834413.013001636 | 55893560.27105205 | 55952707.52910246 | 56011707.07463964 | 56070854.33269005 | 56130001.59074047 | 56189148.84879089 | 56248296.10684129 | 56307443.36489171 | 56366590.62294212 | 56425737.88099253 | 56484885.13904294 | 56544032.39709337
 |  | 1529213750.1213048 | 50973791.67071016
 |  | 116767040.18263613 | 3892234.672754538
 | 2.  | Gráfico - Receitas RSD
 | 3. | Gráfico - Receitas RPU
 | 4. | Composição CAPEX
 |  |  |  |  |  |  |  |  |  |  |  | Coleta | 0.47
 |  |  |  |  |  |  |  |  |  |  |  | Tranbordo e Transporte | 0.21
 |  |  |  |  |  |  |  |  |  |  |  | Triagem e Tratamento | 0.08
 |  |  |  |  |  |  |  |  |  |  |  | Disposição Final | 0.22
 |  |  |  |  |  |  |  |  |  |  |  | Inclusão Catadores | 0.02
 | 5. | Composição OPEX
 | 5. | Composição OPEX - Sintético
 | 6.  | CAPEX
 | 7.  | OPEX
 | 8. | Receita Tarifária RSD por ano
 | 8. | Fluxo de Caixa do Projeto
 | 9. | Fluxo de Caixa Alavancado
[24 linhas]
