 |  | OPEX SPE
 |  |  |  |  |  | Valor Total
 |  | Despesas administrativas |  |  |  | R$ Total mensal
 |  |  | Despesas administrativas |  |  | 3132.91
 |  | Subtotal - Despesas administrativas |  |  |  | 3132.91
 |  | Veículos de apoio |  | Quant. | Valor Unitário
mensal | R$ Total mensal
 |  |  | Veículo passeio tipo 1 | 2 | 2931.3 | 5862.6
 |  |  | Pick up leve | 4 | 3659.03 | 14636.12
 |  | Subtotal - Veículos de apoio |  |  |  | 20498.72
 |  | Mão de obra administrativa e de apoio |  | Quant. | Valor Unitário
mensal | R$ Total mensal
 |  |  | Gerente Geral | 1 | 31833.19 | 31833.19
 |  |  | Coordenadores | 0 | 24041.46 | 0
 |  |  | Encarregado de Coleta | 2 | 7235.18 | 14470.36
 |  |  | Encarregado Administrativo | 1 | 7235.18 | 7235.18
 |  |  | Encarregado de Tratamento e Destino | 1 | 7235.18 | 7235.18
 |  |  | Encarregado de Sala Técnica | 1 | 7235.18 | 7235.18
 |  |  | Auxiliar Administrativo | 2 | 4339.09 | 8678.18
 |  |  | Auxiliar Técnico | 1 | 8058.24 | 8058.24
 |  |  | Estagiário | 2 | 1621 | 3242
 |  |  | Técnico de Segurança do Trabalho | 1 | 7605.2 | 7605.2
 |  |  | Comprador | 0 | 4339.09 | 0
 |  |  | Almoxarife | 1 | 5611.73 | 5611.73
 |  |  | Auxiliar de Serviços Gerais | 2 | 3144.51 | 6289.02
 |  |  | Vigia | 4 | 4938.37 | 19753.48
 |  |  | Encarregado de Manutenção | 1 | 7235.18 | 7235.18
 |  |  | Mecânico | 2 | 6416.83 | 12833.66
 |  |  | Eletricista | 1 | 5791.3 | 5791.3
 |  |  | Borracheiro | 1 | 3538.57 | 3538.57
 |  |  | Pedreiro | 0 | 5780.22 | 0
 |  | Subtotal - Mão de obra administrativa e de apoio |  |  |  | 156645.65
 |  | Total (mensal) |  |  |  | 180277.28
 |  | Custos Gravimetria |  | Quant. | Valor Unitário | R$ Total anual
 |  |  | Ano 1 (frequência trimestral) | 2 | 13668.66 | 27337.32
 |  |  | Ano 3 em diante (frequência semestral) | 2 | 13668.66 | 27337.32
 |  | OPEX - SPE
 |  |  |  | TOTAL | 1 | 2 | 3 | 4 | 5 | 6 | 7 | 8 | 9 | 10 | 11 | 12 | 13 | 14 | 15 | 16 | 17 | 18 | 19 | 20 | 21 | 22 | 23 | 24 | 25 | 26 | 27 | 28 | 29 | 30 | 31 | 32 | 33 | 34 | 35
 |  | Despesas administrativas |  | 1127847.6000000003 | 37594.92 | 37594.92 | 37594.92 | 37594.92 | 37594.92 | 37594.92 | 37594.92 | 37594.92 | 37594.92 | 37594.92 | 37594.92 | 37594.92 | 37594.92 | 37594.92 | 37594.92 | 37594.92 | 37594.92 | 37594.92 | 37594.92 | 37594.92 | 37594.92 | 37594.92 | 37594.92 | 37594.92 | 37594.92 | 37594.92 | 37594.92 | 37594.92 | 37594.92 | 37594.92 | 0 | 0 | 0 | 0 | 0
 |  | Despesas com veículos de apoio |  | 7379539.199999997 | 245984.64 | 245984.64 | 245984.64 | 245984.64 | 245984.64 | 245984.64 | 245984.64 | 245984.64 | 245984.64 | 245984.64 | 245984.64 | 245984.64 | 245984.64 | 245984.64 | 245984.64 | 245984.64 | 245984.64 | 245984.64 | 245984.64 | 245984.64 | 245984.64 | 245984.64 | 245984.64 | 245984.64 | 245984.64 | 245984.64 | 245984.64 | 245984.64 | 245984.64 | 245984.64 | 0 | 0 | 0 | 0 | 0
 |  | Mão de obra administrativa e de apoio |  | 56392433.99999997 | 1879747.7999999998 | 1879747.7999999998 | 1879747.7999999998 | 1879747.7999999998 | 1879747.7999999998 | 1879747.7999999998 | 1879747.7999999998 | 1879747.7999999998 | 1879747.7999999998 | 1879747.7999999998 | 1879747.7999999998 | 1879747.7999999998 | 1879747.7999999998 | 1879747.7999999998 | 1879747.7999999998 | 1879747.7999999998 | 1879747.7999999998 | 1879747.7999999998 | 1879747.7999999998 | 1879747.7999999998 | 1879747.7999999998 | 1879747.7999999998 | 1879747.7999999998 | 1879747.7999999998 | 1879747.7999999998 | 1879747.7999999998 | 1879747.7999999998 | 1879747.7999999998 | 1879747.7999999998 | 1879747.7999999998 | 0 | 0 | 0 | 0 | 0
 |  | Custos Gravimetria |  | 820119.5999999995 | 27337.32 | 27337.32 | 27337.32 | 27337.32 | 27337.32 | 27337.32 | 27337.32 | 27337.32 | 27337.32 | 27337.32 | 27337.32 | 27337.32 | 27337.32 | 27337.32 | 27337.32 | 27337.32 | 27337.32 | 27337.32 | 27337.32 | 27337.32 | 27337.32 | 27337.32 | 27337.32 | 27337.32 | 27337.32 | 27337.32 | 27337.32 | 27337.32 | 27337.32 | 27337.32 | 0 | 0 | 0 | 0 | 0
 |  | Total |  | 65719940.39999997 | 2190664.6799999997 | 2190664.6799999997 | 2190664.6799999997 | 2190664.6799999997 | 2190664.6799999997 | 2190664.6799999997 | 2190664.6799999997 | 2190664.6799999997 | 2190664.6799999997 | 2190664.6799999997 | 2190664.6799999997 | 2190664.6799999997 | 2190664.6799999997 | 2190664.6799999997 | 2190664.6799999997 | 2190664.6799999997 | 2190664.6799999997 | 2190664.6799999997 | 2190664.6799999997 | 2190664.6799999997 | 2190664.6799999997 | 2190664.6799999997 | 2190664.6799999997 | 2190664.6799999997 | 2190664.6799999997 | 2190664.6799999997 | 2190664.6799999997 | 2190664.6799999997 | 2190664.6799999997 | 2190664.6799999997 | 0 | 0 | 0 | 0 | 0
 |  | OPEX - SPE - POR MUNICÍPIO
 |  | COLETA |  | TOTAL | 1 | 2 | 3 | 4 | 5 | 6 | 7 | 8 | 9 | 10 | 11 | 12 | 13 | 14 | 15 | 16 | 17 | 18 | 19 | 20 | 21 | 22 | 23 | 24 | 25 | 26 | 27 | 28 | 29 | 30 | 31 | 32 | 33 | 34 | 35
 |  | Arapuá |  | 448681.4284634228 | 14956.047615447416 | 14956.047615447416 | 14956.047615447416 | 14956.047615447416 | 14956.047615447416 | 14956.047615447416 | 14956.047615447416 | 14956.047615447416 | 14956.047615447416 | 14956.047615447416 | 14956.047615447416 | 14956.047615447416 | 14956.047615447416 | 14956.047615447416 | 14956.047615447416 | 14956.047615447416 | 14956.047615447416 | 14956.047615447416 | 14956.047615447416 | 14956.047615447416 | 14956.047615447416 | 14956.047615447416 | 14956.047615447416 | 14956.047615447416 | 14956.047615447416 | 14956.047615447416 | 14956.047615447416 | 14956.047615447416 | 14956.047615447416 | 14956.047615447416 | 0 | 0 | 0 | 0 | 0
 |  | Coromandel |  | 5682389.63414281 | 189412.98780476043 | 189412.98780476043 | 189412.98780476043 | 189412.98780476043 | 189412.98780476043 | 189412.98780476043 | 189412.98780476043 | 189412.98780476043 | 189412.98780476043 | 189412.98780476043 | 189412.98780476043 | 189412.98780476043 | 189412.98780476043 | 189412.98780476043 | 189412.98780476043 | 189412.98780476043 | 189412.98780476043 | 189412.98780476043 | 189412.98780476043 | 189412.98780476043 | 189412.98780476043 | 189412.98780476043 | 189412.98780476043 | 189412.98780476043 | 189412.98780476043 | 189412.98780476043 | 189412.98780476043 | 189412.98780476043 | 189412.98780476043 | 189412.98780476043 | 0 | 0 | 0 | 0 | 0
 |  | Cruzeiro da Fortaleza |  | 680714.5333495027 | 22690.484444983427 | 22690.484444983427 | 22690.484444983427 | 22690.484444983427 | 22690.484444983427 | 22690.484444983427 | 22690.484444983427 | 22690.484444983427 | 22690.484444983427 | 22690.484444983427 | 22690.484444983427 | 22690.484444983427 | 22690.484444983427 | 22690.484444983427 | 22690.484444983427 | 22690.484444983427 | 22690.484444983427 | 22690.484444983427 | 22690.484444983427 | 22690.484444983427 | 22690.484444983427 | 22690.484444983427 | 22690.484444983427 | 22690.484444983427 | 22690.484444983427 | 22690.484444983427 | 22690.484444983427 | 22690.484444983427 | 22690.484444983427 | 22690.484444983427 | 0 | 0 | 0 | 0 | 0
 |  | Guimarânia |  | 1816323.7392264397 | 60544.12464088133 | 60544.12464088133 | 60544.12464088133 | 60544.12464088133 | 60544.12464088133 | 60544.12464088133 | 60544.12464088133 | 60544.12464088133 | 60544.12464088133 | 60544.12464088133 | 60544.12464088133 | 60544.12464088133 | 60544.12464088133 | 60544.12464088133 | 60544.12464088133 | 60544.12464088133 | 60544.12464088133 | 60544.12464088133 | 60544.12464088133 | 60544.12464088133 | 60544.12464088133 | 60544.12464088133 | 60544.12464088133 | 60544.12464088133 | 60544.12464088133 | 60544.12464088133 | 60544.12464088133 | 60544.12464088133 | 60544.12464088133 | 60544.12464088133 | 0 | 0 | 0 | 0 | 0
 |  | Lagoa Formosa |  | 3944721.7055086824 | 131490.72351695615 | 131490.72351695615 | 131490.72351695615 | 131490.72351695615 | 131490.72351695615 | 131490.72351695615 | 131490.72351695615 | 131490.72351695615 | 131490.72351695615 | 131490.72351695615 | 131490.72351695615 | 131490.72351695615 | 131490.72351695615 | 131490.72351695615 | 131490.72351695615 | 131490.72351695615 | 131490.72351695615 | 131490.72351695615 | 131490.72351695615 | 131490.72351695615 | 131490.72351695615 | 131490.72351695615 | 131490.72351695615 | 131490.72351695615 | 131490.72351695615 | 131490.72351695615 | 131490.72351695615 | 131490.72351695615 | 131490.72351695615 | 131490.72351695615 | 0 | 0 | 0 | 0 | 0
 |  | Patos de Minas |  | 43667379.37605984 | 1455579.3125353276 | 1455579.3125353276 | 1455579.3125353276 | 1455579.3125353276 | 1455579.3125353276 | 1455579.3125353276 | 1455579.3125353276 | 1455579.3125353276 | 1455579.3125353276 | 1455579.3125353276 | 1455579.3125353276 | 1455579.3125353276 | 1455579.3125353276 | 1455579.3125353276 | 1455579.3125353276 | 1455579.3125353276 | 1455579.3125353276 | 1455579.3125353276 | 1455579.3125353276 | 1455579.3125353276 | 1455579.3125353276 | 1455579.3125353276 | 1455579.3125353276 | 1455579.3125353276 | 1455579.3125353276 | 1455579.3125353276 | 1455579.3125353276 | 1455579.3125353276 | 1455579.3125353276 | 1455579.3125353276 | 0 | 0 | 0 | 0 | 0
 |  | Presidente Olegário |  | 3565682.7164388364 | 118856.09054796127 | 118856.09054796127 | 118856.09054796127 | 118856.09054796127 | 118856.09054796127 | 118856.09054796127 | 118856.09054796127 | 118856.09054796127 | 118856.09054796127 | 118856.09054796127 | 118856.09054796127 | 118856.09054796127 | 118856.09054796127 | 118856.09054796127 | 118856.09054796127 | 118856.09054796127 | 118856.09054796127 | 118856.09054796127 | 118856.09054796127 | 118856.09054796127 | 118856.09054796127 | 118856.09054796127 | 118856.09054796127 | 118856.09054796127 | 118856.09054796127 | 118856.09054796127 | 118856.09054796127 | 118856.09054796127 | 118856.09054796127 | 118856.09054796127 | 0 | 0 | 0 | 0 | 0
 |  | Rio Paranaíba |  | 3248523.0493604257 | 108284.10164534747 | 108284.10164534747 | 108284.10164534747 | 108284.10164534747 | 108284.10164534747 | 108284.10164534747 | 108284.10164534747 | 108284.10164534747 | 108284.10164534747 | 108284.10164534747 | 108284.10164534747 | 108284.10164534747 | 108284.10164534747 | 108284.10164534747 | 108284.10164534747 | 108284.10164534747 | 108284.10164534747 | 108284.10164534747 | 108284.10164534747 | 108284.10164534747 | 108284.10164534747 | 108284.10164534747 | 108284.10164534747 | 108284.10164534747 | 108284.10164534747 | 108284.10164534747 | 108284.10164534747 | 108284.10164534747 | 108284.10164534747 | 108284.10164534747 | 0 | 0 | 0 | 0 | 0
 |  | Serra do Salitre |  | 2665524.217450041 | 88850.80724833469 | 88850.80724833469 | 88850.80724833469 | 88850.80724833469 | 88850.80724833469 | 88850.80724833469 | 88850.80724833469 | 88850.80724833469 | 88850.80724833469 | 88850.80724833469 | 88850.80724833469 | 88850.80724833469 | 88850.80724833469 | 88850.80724833469 | 88850.80724833469 | 88850.80724833469 | 88850.80724833469 | 88850.80724833469 | 88850.80724833469 | 88850.80724833469 | 88850.80724833469 | 88850.80724833469 | 88850.80724833469 | 88850.80724833469 | 88850.80724833469 | 88850.80724833469 | 88850.80724833469 | 88850.80724833469 | 88850.80724833469 | 88850.80724833469 | 0 | 0 | 0 | 0 | 0
 |  | TOTAL |  | 65719940.4 | 2190664.68 | 2190664.68 | 2190664.68 | 2190664.68 | 2190664.68 | 2190664.68 | 2190664.68 | 2190664.68 | 2190664.68 | 2190664.68 | 2190664.68 | 2190664.68 | 2190664.68 | 2190664.68 | 2190664.68 | 2190664.68 | 2190664.68 | 2190664.68 | 2190664.68 | 2190664.68 | 2190664.68 | 2190664.68 | 2190664.68 | 2190664.68 | 2190664.68 | 2190664.68 | 2190664.68 | 2190664.68 | 2190664.68 | 2190664.68 | 0 | 0 | 0 | 0 | 0
 |  | Rateio - Por resíduos  (envio à CTR)
 |  | Municípios |  | %
 |  | Arapuá |  | 0.006827173392619549
 |  | Coromandel |  | 0.08646370644217465
 |  | Cruzeiro da Fortaleza |  | 0.010357808135649236
 |  | Guimarânia |  | 0.027637330894877687
 |  | Lagoa Formosa |  | 0.06002320880845907
 |  | Patos de Minas |  | 0.6644464238750258
 |  | Presidente Olegário |  | 0.054255720482041685
 |  | Rio Paranaíba |  | 0.04942979299111514
 |  | Serra do Salitre |  | 0.040558834978037216
 |  | TOTAL |  | 1
[65 linhas]
