 | Geração RSU
 | Dados Gerais - Geração RSU
 | Municípios |  | Geração per Capita RSD
(Kg/hab/dia) | Geração per Capita RPU
(Kg/hab/dia) | Geração per Capita RSU
(Kg/hab/dia)
 | Arapuá |  | 0.681 | 0.160035 | 0.8410350000000001
 | Coromandel |  | 0.697 | 0.16379499999999997 | 0.860795
 | Cruzeiro da Fortaleza |  | 0.681 | 0.160035 | 0.8410350000000001
 | Guimarânia |  | 0.654 | 0.15369 | 0.80769
 | Lagoa Formosa |  | 0.697 | 0.16379499999999997 | 0.860795
 | Patos de Minas |  | 0.86 | 0.20209999999999997 | 1.0621
 | Presidente Olegário |  | 0.697 | 0.16379499999999997 | 0.860795
 | Rio Paranaíba |  | 0.697 | 0.16379499999999997 | 0.860795
 | Serra do Salitre |  | 0.697 | 0.16379499999999997 | 0.860795
 |  | -0.005066433294602379
 | População Total (hab.)
 | Municípios |  | 1 | 2 | 3 | 4 | 5 | 6 | 7 | 8 | 9 | 10 | 11 | 12 | 13 | 14 | 15 | 16 | 17 | 18 | 19 | 20 | 21 | 22 | 23 | 24 | 25 | 26 | 27 | 28 | 29 | 30
 | Arapuá |  | 2642 | 2627 | 2612 | 2597 | 2582 | 2567 | 2548 | 2529 | 2510 | 2491 | 2474 | 2452 | 2430 | 2408 | 2386 | 2365 | 2342 | 2319 | 2296 | 2273 | 2248 | 2225 | 2202 | 2179 | 2156 | 2133 | 2110 | 2087 | 2064 | 2041
 | Coromandel |  | 30204 | 30221 | 30238 | 30255 | 30272 | 30291 | 30246 | 30201 | 30156 | 30111 | 30066 | 29979 | 29892 | 29805 | 29718 | 29629 | 29504 | 29379 | 29254 | 29129 | 29005 | 28880 | 28755 | 28630 | 28505 | 28380 | 28255 | 28130 | 28005 | 27880
 | Cruzeiro da Fortaleza |  | 3646 | 3650 | 3654 | 3658 | 3662 | 3668 | 3667 | 3666 | 3665 | 3664 | 3661 | 3653 | 3645 | 3637 | 3629 | 3622 | 3610 | 3598 | 3586 | 3574 | 3562 | 3550 | 3538 | 3526 | 3514 | 3502 | 3490 | 3478 | 3466 | 3454
 | Guimarânia |  | 9071 | 9155 | 9239 | 9323 | 9407 | 9490 | 9563 | 9636 | 9709 | 9782 | 9854 | 9912 | 9970 | 10028 | 10086 | 10146 | 10188 | 10230 | 10272 | 10314 | 10354 | 10396 | 10438 | 10480 | 10522 | 10564 | 10606 | 10648 | 10690 | 10732
 | Lagoa Formosa |  | 19814 | 19899 | 19984 | 20069 | 20154 | 20238 | 20287 | 20336 | 20385 | 20434 | 20485 | 20504 | 20523 | 20542 | 20561 | 20582 | 20570 | 20558 | 20546 | 20534 | 20522 | 20510 | 20498 | 20486 | 20474 | 20462 | 20450 | 20438 | 20426 | 20414
 | Patos de Minas |  | 172460 | 173387 | 174314 | 175241 | 176168 | 177094 | 178023 | 178952 | 179881 | 180810 | 181737 | 182362 | 182987 | 183612 | 184237 | 184861 | 185238 | 185615 | 185992 | 186369 | 186745 | 187122 | 187499 | 187876 | 188253 | 188630 | 189007 | 189384 | 189761 | 190138
 | Presidente Olegário |  | 19112 | 19061 | 19010 | 18959 | 18908 | 18855 | 18766 | 18677 | 18588 | 18499 | 18409 | 18287 | 18165 | 18043 | 17921 | 17797 | 17665 | 17533 | 17401 | 17269 | 17139 | 17007 | 16875 | 16743 | 16611 | 16479 | 16347 | 16215 | 16083 | 15951
 | Rio Paranaíba |  | 15453 | 15587 | 15721 | 15855 | 15989 | 16121 | 16227 | 16333 | 16439 | 16545 | 16652 | 16737 | 16822 | 16907 | 16992 | 17078 | 17133 | 17188 | 17243 | 17298 | 17354 | 17409 | 17464 | 17519 | 17574 | 17629 | 17684 | 17739 | 17794 | 17849
 | Serra do Salitre |  | 12601 | 12712 | 12823 | 12934 | 13045 | 13158 | 13252 | 13346 | 13440 | 13534 | 13627 | 13693 | 13759 | 13825 | 13891 | 13959 | 14007 | 14055 | 14103 | 14151 | 14201 | 14249 | 14297 | 14345 | 14393 | 14441 | 14489 | 14537 | 14585 | 14633
 | Total |  | 285003 | 286299 | 287595 | 288891 | 290187 | 291482 | 292579 | 293676 | 294773 | 295870 | 296965 | 297579 | 298193 | 298807 | 299421 | 300039 | 300257 | 300475 | 300693 | 300911 | 301130 | 301348 | 301566 | 301784 | 302002 | 302220 | 302438 | 302656 | 302874 | 303092
 | Geração RSD (tonelada/ano)
 | Municípios |  | 1 | 2 | 3 | 4 | 5 | 6 | 7 | 8 | 9 | 10 | 11 | 12 | 13 | 14 | 15 | 16 | 17 | 18 | 19 | 20 | 21 | 22 | 23 | 24 | 25 | 26 | 27 | 28 | 29 | 30
 | Arapuá |  | 563.150226 | 559.952931 | 556.7556360000001 | 553.558341 | 550.361046 | 547.163751 | 543.1138440000001 | 539.063937 | 535.01403 | 530.964123 | 527.340522 | 522.651156 | 517.9617900000001 | 513.272424 | 508.58305800000005 | 504.106845 | 499.204326 | 494.30180700000005 | 489.399288 | 484.49676900000003 | 479.16794400000003 | 474.26542500000005 | 469.362906 | 464.460387 | 459.55786800000004 | 454.65534900000006 | 449.75283 | 444.85031100000003 | 439.947792 | 435.045273
 | Coromandel |  | 6589.334844 | 6593.043581 | 6596.752318 | 6600.461054999999 | 6604.169792 | 6608.314850999999 | 6598.497606 | 6588.680361 | 6578.863116 | 6569.045870999999 | 6559.228625999999 | 6540.248618999999 | 6521.268612 | 6502.288605 | 6483.3085980000005 | 6463.892268999999 | 6436.622143999999 | 6409.352018999999 | 6382.081893999999 | 6354.811768999999 | 6327.759804999999 | 6300.489679999999 | 6273.219554999999 | 6245.949429999999 | 6218.679304999999 | 6191.409179999999 | 6164.139054999999 | 6136.868929999999 | 6109.598804999999 | 6082.328679999999
 | Cruzeiro da Fortaleza |  | 777.1558380000001 | 778.00845 | 778.8610620000001 | 779.713674 | 780.5662860000001 | 781.8452040000002 | 781.632051 | 781.418898 | 781.2057450000001 | 780.9925920000001 | 780.3531330000001 | 778.6479090000001 | 776.9426850000001 | 775.237461 | 773.5322370000001 | 772.0401660000001 | 769.48233 | 766.9244940000001 | 764.366658 | 761.8088220000001 | 759.250986 | 756.6931500000001 | 754.135314 | 751.577478 | 749.019642 | 746.461806 | 743.90397 | 741.346134 | 738.7882979999999 | 736.230462
 | Guimarânia |  | 1856.851842 | 1874.04681 | 1891.241778 | 1908.436746 | 1925.6317139999999 | 1942.62198 | 1957.565226 | 1972.508472 | 1987.451718 | 2002.3949639999998 | 2017.1335080000001 | 2029.0062240000002 | 2040.87894 | 2052.751656 | 2064.624372 | 2076.906492 | 2085.503976 | 2094.10146 | 2102.698944 | 2111.296428 | 2119.4845080000005 | 2128.081992 | 2136.6794760000002 | 2145.27696 | 2153.874444 | 2162.4719280000004 | 2171.069412 | 2179.666896 | 2188.26438 | 2196.861864
 | Lagoa Formosa |  | 4322.642054 | 4341.1857390000005 | 4359.729423999999 | 4378.273108999999 | 4396.816793999999 | 4415.142318 | 4425.8322069999995 | 4436.522096 | 4447.211984999999 | 4457.901874 | 4469.028084999999 | 4473.173143999999 | 4477.318203 | 4481.463262 | 4485.608321 | 4490.189702 | 4487.57177 | 4484.953837999999 | 4482.335906 | 4479.717973999999 | 4477.100041999999 | 4474.482109999999 | 4471.864178000001 | 4469.246246 | 4466.628314 | 4464.010382 | 4461.39245 | 4458.774517999999 | 4456.156585999999 | 4453.538654
 | Patos de Minas |  | 46422.7828 | 46672.31266 | 46921.842520000006 | 47171.37238 | 47420.90224 | 47670.16292 | 47920.23114 | 48170.29936 | 48420.36758 | 48670.43580000001 | 48919.96566 | 49088.203160000005 | 49256.44066000001 | 49424.67816 | 49592.915660000006 | 49760.88398 | 49862.364839999995 | 49963.8457 | 50065.326559999994 | 50166.807420000005 | 50268.019100000005 | 50369.499959999994 | 50470.98081999999 | 50572.46167999999 | 50673.94254 | 50775.4234 | 50876.904259999996 | 50978.38512 | 51079.865979999995 | 51181.34684
 | Presidente Olegário |  | 4169.493031999999 | 4158.366821 | 4147.24061 | 4136.114399 | 4124.988187999999 | 4113.425655 | 4094.0093259999994 | 4074.5929969999993 | 4055.1766679999996 | 4035.760339 | 4016.1258489999996 | 3989.5102069999994 | 3962.894565 | 3936.278923 | 3909.663281 | 3882.611317 | 3853.814065 | 3825.0168129999997 | 3796.219561 | 3767.4223089999996 | 3739.0613789999998 | 3710.264127 | 3681.466875 | 3652.669623 | 3623.8723709999995 | 3595.075119 | 3566.277867 | 3537.480615 | 3508.6833629999996 | 3479.8861110000003
 | Rio Paranaíba |  | 3371.2419330000002 | 3400.4755069999997 | 3429.7090809999995 | 3458.942655 | 3488.1762289999997 | 3516.9734809999995 | 3540.0985469999996 | 3563.223612999999 | 3586.3486789999997 | 3609.4737450000002 | 3632.816972 | 3651.3606569999997 | 3669.904342 | 3688.4480270000004 | 3706.991712 | 3725.7535580000003 | 3737.7524129999997 | 3749.751268 | 3761.750123 | 3773.7489779999996 | 3785.965994 | 3797.9648489999995 | 3809.963704 | 3821.9625589999996 | 3833.961414 | 3845.9602689999992 | 3857.959124 | 3869.957979 | 3881.9568339999996 | 3893.955689
 | Serra do Salitre |  | 2749.0467609999996 | 2773.262632 | 2797.478503 | 2821.6943739999997 | 2845.910245 | 2870.562438 | 2891.0695720000003 | 2911.5767060000003 | 2932.0838399999993 | 2952.5909739999993 | 2972.8799470000004 | 2987.278573 | 3001.6771989999997 | 3016.075825 | 3030.474451 | 3045.3093989999998 | 3055.7811269999997 | 3066.2528549999997 | 3076.7245829999997 | 3087.1963109999997 | 3098.104361 | 3108.576089 | 3119.0478169999997 | 3129.519545 | 3139.9912729999996 | 3150.4630009999996 | 3160.9347289999996 | 3171.4064569999996 | 3181.8781849999996 | 3192.3499129999996
 | Total |  | 70821.69933 | 71150.65513099999 | 71479.61093200001 | 71808.566733 | 72137.52253400002 | 72466.212598 | 72752.04951900002 | 73037.88644 | 73323.72336100001 | 73609.560282 | 73894.872302 | 74060.079649 | 74225.286996 | 74390.494343 | 74555.70169000002 | 74721.693728 | 74788.09699099998 | 74854.50025399998 | 74920.903517 | 74987.30678000001 | 75053.91411900001 | 75120.31738199998 | 75186.72064499998 | 75253.123908 | 75319.527171 | 75385.930434 | 75452.333697 | 75518.73696 | 75585.14022299998 | 75651.543486
 | Total (t/dia) |  | 226.26741 | 227.31838699999997 | 228.36936400000005 | 229.420341 | 230.47131800000005 | 231.521446 | 232.43466300000006 | 233.34788 | 234.26109700000003 | 235.174314 | 236.085854 | 236.61367300000003 | 237.14149199999997 | 237.669311 | 238.19713000000004 | 238.727456 | 238.93960699999994 | 239.15175799999994 | 239.363909 | 239.57606000000004 | 239.78886300000002 | 240.00101399999994 | 240.21316499999995 | 240.42531599999998 | 240.637467 | 240.849618 | 241.06176899999997 | 241.27391999999998 | 241.48607099999992 | 241.698222
 | Alcance da Coleta - RSD
 | Arapuá |  | 1 | 1 | 1 | 1 | 1 | 1 | 1 | 1 | 1 | 1 | 1 | 1 | 1 | 1 | 1 | 1 | 1 | 1 | 1 | 1 | 1 | 1 | 1 | 1 | 1 | 1 | 1 | 1 | 1 | 1
 | Coromandel |  | 1 | 1 | 1 | 1 | 1 | 1 | 1 | 1 | 1 | 1 | 1 | 1 | 1 | 1 | 1 | 1 | 1 | 1 | 1 | 1 | 1 | 1 | 1 | 1 | 1 | 1 | 1 | 1 | 1 | 1
 | Cruzeiro da Fortaleza |  | 1 | 1 | 1 | 1 | 1 | 1 | 1 | 1 | 1 | 1 | 1 | 1 | 1 | 1 | 1 | 1 | 1 | 1 | 1 | 1 | 1 | 1 | 1 | 1 | 1 | 1 | 1 | 1 | 1 | 1
 | Guimarânia |  | 1 | 1 | 1 | 1 | 1 | 1 | 1 | 1 | 1 | 1 | 1 | 1 | 1 | 1 | 1 | 1 | 1 | 1 | 1 | 1 | 1 | 1 | 1 | 1 | 1 | 1 | 1 | 1 | 1 | 1
 | Lagoa Formosa |  | 1 | 1 | 1 | 1 | 1 | 1 | 1 | 1 | 1 | 1 | 1 | 1 | 1 | 1 | 1 | 1 | 1 | 1 | 1 | 1 | 1 | 1 | 1 | 1 | 1 | 1 | 1 | 1 | 1 | 1
 | Patos de Minas |  | 1 | 1 | 1 | 1 | 1 | 1 | 1 | 1 | 1 | 1 | 1 | 1 | 1 | 1 | 1 | 1 | 1 | 1 | 1 | 1 | 1 | 1 | 1 | 1 | 1 | 1 | 1 | 1 | 1 | 1
 | Presidente Olegário |  | 1 | 1 | 1 | 1 | 1 | 1 | 1 | 1 | 1 | 1 | 1 | 1 | 1 | 1 | 1 | 1 | 1 | 1 | 1 | 1 | 1 | 1 | 1 | 1 | 1 | 1 | 1 | 1 | 1 | 1
 | Rio Paranaíba |  | 1 | 1 | 1 | 1 | 1 | 1 | 1 | 1 | 1 | 1 | 1 | 1 | 1 | 1 | 1 | 1 | 1 | 1 | 1 | 1 | 1 | 1 | 1 | 1 | 1 | 1 | 1 | 1 | 1 | 1
 | Serra do Salitre |  | 1 | 1 | 1 | 1 | 1 | 1 | 1 | 1 | 1 | 1 | 1 | 1 | 1 | 1 | 1 | 1 | 1 | 1 | 1 | 1 | 1 | 1 | 1 | 1 | 1 | 1 | 1 | 1 | 1 | 1
 | Estimativa Coleta RSD (t/ano)
 | Municípios |  | 1 | 2 | 3 | 4 | 5 | 6 | 7 | 8 | 9 | 10 | 11 | 12 | 13 | 14 | 15 | 16 | 17 | 18 | 19 | 20 | 21 | 22 | 23 | 24 | 25 | 26 | 27 | 28 | 29 | 30
 | Arapuá |  | 563.150226 | 559.952931 | 556.7556360000001 | 553.558341 | 550.361046 | 547.163751 | 543.1138440000001 | 539.063937 | 535.01403 | 530.964123 | 527.340522 | 522.651156 | 517.9617900000001 | 513.272424 | 508.58305800000005 | 504.106845 | 499.204326 | 494.30180700000005 | 489.399288 | 484.49676900000003 | 479.16794400000003 | 474.26542500000005 | 469.362906 | 464.460387 | 459.55786800000004 | 454.65534900000006 | 449.75283 | 444.85031100000003 | 439.947792 | 435.045273
 | Coromandel |  | 6589.334844 | 6593.043581 | 6596.752318 | 6600.461054999999 | 6604.169792 | 6608.314850999999 | 6598.497606 | 6588.680361 | 6578.863116 | 6569.045870999999 | 6559.228625999999 | 6540.248618999999 | 6521.268612 | 6502.288605 | 6483.3085980000005 | 6463.892268999999 | 6436.622143999999 | 6409.352018999999 | 6382.081893999999 | 6354.811768999999 | 6327.759804999999 | 6300.489679999999 | 6273.219554999999 | 6245.949429999999 | 6218.679304999999 | 6191.409179999999 | 6164.139054999999 | 6136.868929999999 | 6109.598804999999 | 6082.328679999999
 | Cruzeiro da Fortaleza |  | 777.1558380000001 | 778.00845 | 778.8610620000001 | 779.713674 | 780.5662860000001 | 781.8452040000002 | 781.632051 | 781.418898 | 781.2057450000001 | 780.9925920000001 | 780.3531330000001 | 778.6479090000001 | 776.9426850000001 | 775.237461 | 773.5322370000001 | 772.0401660000001 | 769.48233 | 766.9244940000001 | 764.366658 | 761.8088220000001 | 759.250986 | 756.6931500000001 | 754.135314 | 751.577478 | 749.019642 | 746.461806 | 743.90397 | 741.346134 | 738.7882979999999 | 736.230462
 | Guimarânia |  | 1856.851842 | 1874.04681 | 1891.241778 | 1908.436746 | 1925.6317139999999 | 1942.62198 | 1957.565226 | 1972.508472 | 1987.451718 | 2002.3949639999998 | 2017.1335080000001 | 2029.0062240000002 | 2040.87894 | 2052.751656 | 2064.624372 | 2076.906492 | 2085.503976 | 2094.10146 | 2102.698944 | 2111.296428 | 2119.4845080000005 | 2128.081992 | 2136.6794760000002 | 2145.27696 | 2153.874444 | 2162.4719280000004 | 2171.069412 | 2179.666896 | 2188.26438 | 2196.861864
 | Lagoa Formosa |  | 4322.642054 | 4341.1857390000005 | 4359.729423999999 | 4378.273108999999 | 4396.816793999999 | 4415.142318 | 4425.8322069999995 | 4436.522096 | 4447.211984999999 | 4457.901874 | 4469.028084999999 | 4473.173143999999 | 4477.318203 | 4481.463262 | 4485.608321 | 4490.189702 | 4487.57177 | 4484.953837999999 | 4482.335906 | 4479.717973999999 | 4477.100041999999 | 4474.482109999999 | 4471.864178000001 | 4469.246246 | 4466.628314 | 4464.010382 | 4461.39245 | 4458.774517999999 | 4456.156585999999 | 4453.538654
 | Patos de Minas |  | 46422.7828 | 46672.31266 | 46921.842520000006 | 47171.37238 | 47420.90224 | 47670.16292 | 47920.23114 | 48170.29936 | 48420.36758 | 48670.43580000001 | 48919.96566 | 49088.203160000005 | 49256.44066000001 | 49424.67816 | 49592.915660000006 | 49760.88398 | 49862.364839999995 | 49963.8457 | 50065.326559999994 | 50166.807420000005 | 50268.019100000005 | 50369.499959999994 | 50470.98081999999 | 50572.46167999999 | 50673.94254 | 50775.4234 | 50876.904259999996 | 50978.38512 | 51079.865979999995 | 51181.34684
 | Presidente Olegário |  | 4169.493031999999 | 4158.366821 | 4147.24061 | 4136.114399 | 4124.988187999999 | 4113.425655 | 4094.0093259999994 | 4074.5929969999993 | 4055.1766679999996 | 4035.760339 | 4016.1258489999996 | 3989.5102069999994 | 3962.894565 | 3936.278923 | 3909.663281 | 3882.611317 | 3853.814065 | 3825.0168129999997 | 3796.219561 | 3767.4223089999996 | 3739.0613789999998 | 3710.264127 | 3681.466875 | 3652.669623 | 3623.8723709999995 | 3595.075119 | 3566.277867 | 3537.480615 | 3508.6833629999996 | 3479.8861110000003
 | Rio Paranaíba |  | 3371.2419330000002 | 3400.4755069999997 | 3429.7090809999995 | 3458.942655 | 3488.1762289999997 | 3516.9734809999995 | 3540.0985469999996 | 3563.223612999999 | 3586.3486789999997 | 3609.4737450000002 | 3632.816972 | 3651.3606569999997 | 3669.904342 | 3688.4480270000004 | 3706.991712 | 3725.7535580000003 | 3737.7524129999997 | 3749.751268 | 3761.750123 | 3773.7489779999996 | 3785.965994 | 3797.9648489999995 | 3809.963704 | 3821.9625589999996 | 3833.961414 | 3845.9602689999992 | 3857.959124 | 3869.957979 | 3881.9568339999996 | 3893.955689
 | Serra do Salitre |  | 2749.0467609999996 | 2773.262632 | 2797.478503 | 2821.6943739999997 | 2845.910245 | 2870.562438 | 2891.0695720000003 | 2911.5767060000003 | 2932.0838399999993 | 2952.5909739999993 | 2972.8799470000004 | 2987.278573 | 3001.6771989999997 | 3016.075825 | 3030.474451 | 3045.3093989999998 | 3055.7811269999997 | 3066.2528549999997 | 3076.7245829999997 | 3087.1963109999997 | 3098.104361 | 3108.576089 | 3119.0478169999997 | 3129.519545 | 3139.9912729999996 | 3150.4630009999996 | 3160.9347289999996 | 3171.4064569999996 | 3181.8781849999996 | 3192.3499129999996
 | Total |  | 70821.69933 | 71150.65513099999 | 71479.61093200001 | 71808.566733 | 72137.52253400002 | 72466.212598 | 72752.04951900002 | 73037.88644 | 73323.72336100001 | 73609.560282 | 73894.872302 | 74060.079649 | 74225.286996 | 74390.494343 | 74555.70169000002 | 74721.693728 | 74788.09699099998 | 74854.50025399998 | 74920.903517 | 74987.30678000001 | 75053.91411900001 | 75120.31738199998 | 75186.72064499998 | 75253.123908 | 75319.527171 | 75385.930434 | 75452.333697 | 75518.73696 | 75585.14022299998 | 75651.543486
 | Meta de Alcance - Coleta Seletiva
 | Arapuá |  |  |  | 0.074 | 0.074 | 0.074 | 0.097 | 0.097 | 0.097 | 0.097 | 0.113 | 0.113 | 0.113 | 0.113 | 0.129 | 0.129 | 0.129 | 0.129 | 0.129 | 0.129 | 0.129 | 0.129 | 0.129 | 0.129 | 0.129 | 0.129 | 0.129 | 0.129 | 0.129 | 0.129 | 0.129
 | Coromandel |  | 0.046 | 0.074 | 0.074 | 0.074 | 0.074 | 0.097 | 0.097 | 0.097 | 0.097 | 0.113 | 0.113 | 0.113 | 0.113 | 0.129 | 0.129 | 0.129 | 0.129 | 0.129 | 0.129 | 0.129 | 0.129 | 0.129 | 0.129 | 0.129 | 0.129 | 0.129 | 0.129 | 0.129 | 0.129 | 0.129
 | Cruzeiro da Fortaleza |  |  |  | 0.074 | 0.074 | 0.074 | 0.097 | 0.097 | 0.097 | 0.097 | 0.113 | 0.113 | 0.113 | 0.113 | 0.129 | 0.129 | 0.129 | 0.129 | 0.129 | 0.129 | 0.129 | 0.129 | 0.129 | 0.129 | 0.129 | 0.129 | 0.129 | 0.129 | 0.129 | 0.129 | 0.129
 | Guimarânia |  |  |  | 0.074 | 0.074 | 0.074 | 0.097 | 0.097 | 0.097 | 0.097 | 0.113 | 0.113 | 0.113 | 0.113 | 0.129 | 0.129 | 0.129 | 0.129 | 0.129 | 0.129 | 0.129 | 0.129 | 0.129 | 0.129 | 0.129 | 0.129 | 0.129 | 0.129 | 0.129 | 0.129 | 0.129
 | Lagoa Formosa |  |  |  | 0.074 | 0.074 | 0.074 | 0.097 | 0.097 | 0.097 | 0.097 | 0.113 | 0.113 | 0.113 | 0.113 | 0.129 | 0.129 | 0.129 | 0.129 | 0.129 | 0.129 | 0.129 | 0.129 | 0.129 | 0.129 | 0.129 | 0.129 | 0.129 | 0.129 | 0.129 | 0.129 | 0.129
 | Patos de Minas |  |  |  | 0.074 | 0.074 | 0.074 | 0.097 | 0.097 | 0.097 | 0.097 | 0.113 | 0.113 | 0.113 | 0.113 | 0.129 | 0.129 | 0.129 | 0.129 | 0.129 | 0.129 | 0.129 | 0.129 | 0.129 | 0.129 | 0.129 | 0.129 | 0.129 | 0.129 | 0.129 | 0.129 | 0.129
 | Presidente Olegário |  |  |  | 0.074 | 0.074 | 0.074 | 0.097 | 0.097 | 0.097 | 0.097 | 0.113 | 0.113 | 0.113 | 0.113 | 0.129 | 0.129 | 0.129 | 0.129 | 0.129 | 0.129 | 0.129 | 0.129 | 0.129 | 0.129 | 0.129 | 0.129 | 0.129 | 0.129 | 0.129 | 0.129 | 0.129
 | Rio Paranaíba |  | 0.046 | 0.074 | 0.074 | 0.074 | 0.074 | 0.097 | 0.097 | 0.097 | 0.097 | 0.113 | 0.113 | 0.113 | 0.113 | 0.129 | 0.129 | 0.129 | 0.129 | 0.129 | 0.129 | 0.129 | 0.129 | 0.129 | 0.129 | 0.129 | 0.129 | 0.129 | 0.129 | 0.129 | 0.129 | 0.129
 | Serra do Salitre |  |  |  | 0.074 | 0.074 | 0.074 | 0.097 | 0.097 | 0.097 | 0.097 | 0.113 | 0.113 | 0.113 | 0.113 | 0.129 | 0.129 | 0.129 | 0.129 | 0.129 | 0.129 | 0.129 | 0.129 | 0.129 | 0.129 | 0.129 | 0.129 | 0.129 | 0.129 | 0.129 | 0.129 | 0.129
 | Coleta Seletiva - Estimativa de Coleta (t/ano)
 | Municípios |  | 1 | 2 | 3 | 4 | 5 | 6 | 7 | 8 | 9 | 10 | 11 | 12 | 13 | 14 | 15 | 16 | 17 | 18 | 19 | 20 | 21 | 22 | 23 | 24 | 25 | 26 | 27 | 28 | 29 | 30
 | Arapuá |  | 0 | 0 | 41.199917064000005 | 40.963317234 | 40.726717404 | 53.07488384700001 | 52.68204286800001 | 52.289201889000005 | 51.896360910000006 | 59.998945899 | 59.589478985999996 | 59.059580628000006 | 58.52968227000001 | 66.212142696 | 65.607214482 | 65.029783005 | 64.397358054 | 63.76493310300001 | 63.13250815200001 | 62.500083201 | 61.812664776000005 | 61.18023982500001 | 60.547814874000004 | 59.915389923000006 | 59.28296497200001 | 58.65054002100001 | 58.01811507 | 57.385690119 | 56.753265168 | 56.120840217
 | Coromandel |  | 303.109402824 | 487.88522499399994 | 488.15967153199995 | 488.4341180699999 | 488.70856460799996 | 641.006540547 | 640.054267782 | 639.101995017 | 638.1497222520001 | 742.302183423 | 741.1928347379999 | 739.0480939469999 | 736.903353156 | 838.795230045 | 836.3468091420001 | 833.8421027009999 | 830.3242565759999 | 826.8064104509999 | 823.2885643259999 | 819.7707182009999 | 816.2810148449998 | 812.7631687199998 | 809.2453225949998 | 805.7274764699998 | 802.2096303449998 | 798.6917842199998 | 795.1739380949998 | 791.6560919699998 | 788.1382458449998 | 784.6203997199999
 | Cruzeiro da Fortaleza |  | 0 | 0 | 57.635718588 | 57.69881187599999 | 57.761905164000005 | 75.83898478800002 | 75.818308947 | 75.797633106 | 75.77695726500001 | 88.25216289600002 | 88.17990402900001 | 87.98721371700002 | 87.794523405 | 100.005632469 | 99.78565857300002 | 99.59318141400001 | 99.26322057000002 | 98.93325972600002 | 98.603298882 | 98.273338038 | 97.943377194 | 97.61341635000001 | 97.283455506 | 96.95349466200001 | 96.623533818 | 96.293572974 | 95.96361213 | 95.633651286 | 95.30369044199999 | 94.973729598
 | Guimarânia |  | 0 | 0 | 139.951891572 | 141.224319204 | 142.49674683599997 | 188.43433206 | 189.883826922 | 191.333321784 | 192.78281664600001 | 226.270630932 | 227.936086404 | 229.27770331200003 | 230.61932022000002 | 264.804963624 | 266.336543988 | 267.92093746800003 | 269.030012904 | 270.13908834 | 271.248163776 | 272.357239212 | 273.41350153200005 | 274.522576968 | 275.631652404 | 276.74072784000003 | 277.849803276 | 278.95887871200006 | 280.067954148 | 281.177029584 | 282.28610502000004 | 283.395180456
 | Lagoa Formosa |  | 0 | 0 | 322.61997737599995 | 323.99221006599987 | 325.36444275599996 | 428.268804846 | 429.30572407899996 | 430.342643312 | 431.37956254499994 | 503.742911762 | 505.00017360499993 | 505.4685652719999 | 505.93695693899997 | 578.108760798 | 578.643473409 | 579.234471558 | 578.89675833 | 578.5590451019999 | 578.221331874 | 577.883618646 | 577.5459054179998 | 577.2081921899999 | 576.8704789620001 | 576.532765734 | 576.1950525059999 | 575.857339278 | 575.51962605 | 575.181912822 | 574.8441995939999 | 574.506486366
 | Patos de Minas |  | 0 | 0 | 3472.21634648 | 3490.68155612 | 3509.14676576 | 4624.00580324 | 4648.26242058 | 4672.51903792 | 4696.77565526 | 5499.7592454000005 | 5527.956119580001 | 5546.966957080001 | 5565.977794580001 | 6375.78348264 | 6397.486120140001 | 6419.15403342 | 6432.24506436 | 6445.3360953 | 6458.42712624 | 6471.51815718 | 6484.5744639 | 6497.665494839999 | 6510.756525779999 | 6523.847556719999 | 6536.93858766 | 6550.0296186000005 | 6563.120649539999 | 6576.21168048 | 6589.3027114199995 | 6602.39374236
 | Presidente Olegário |  | 0 | 0 | 306.89580514 | 306.072465526 | 305.24912591199995 | 399.002288535 | 397.11890462199995 | 395.23552070899996 | 393.35213679599997 | 456.040918307 | 453.82222093699994 | 450.8146533909999 | 447.807085845 | 507.779981067 | 504.34656324900004 | 500.856859893 | 497.14201438500004 | 493.427168877 | 489.712323369 | 485.99747786099994 | 482.338917891 | 478.624072383 | 474.909226875 | 471.194381367 | 467.47953585899995 | 463.764690351 | 460.04984484299996 | 456.334999335 | 452.62015382699997 | 448.905308319
 | Rio Paranaíba |  | 155.077128918 | 251.63518751799995 | 253.79847199399995 | 255.96175646999998 | 258.12504094599996 | 341.14642765699995 | 343.38955905899996 | 345.6326904609999 | 347.875821863 | 407.87053318500006 | 410.508317836 | 412.603754241 | 414.699190646 | 475.8097954830001 | 478.201930848 | 480.6222089820001 | 482.170061277 | 483.717913572 | 485.26576586699997 | 486.81361816199995 | 488.38961322600005 | 489.9374655209999 | 491.48531781599996 | 493.03317011099995 | 494.581022406 | 496.1288747009999 | 497.676726996 | 499.224579291 | 500.772431586 | 502.320283881
 | Serra do Salitre |  | 0 | 0 | 207.01340922199998 | 208.80538367599996 | 210.59735813 | 278.444556486 | 280.43374848400003 | 282.42294048200006 | 284.41213247999997 | 333.64278006199993 | 335.93543401100004 | 337.56247874900004 | 339.189523487 | 389.073781425 | 390.931204179 | 392.844912471 | 394.195765383 | 395.546618295 | 396.89747120699997 | 398.24832411899996 | 399.655462569 | 401.006315481 | 402.357168393 | 403.70802130500005 | 405.058874217 | 406.409727129 | 407.76058004099997 | 409.11143295299996 | 410.46228586499996 | 411.81313877699995
 | Total |  | 458.18653174199994 | 739.5204125119999 | 5289.491208968 | 5313.833938242001 | 5338.176667516001 | 7029.222622005999 | 7056.948803343 | 7084.674984679999 | 7112.401166017001 | 8317.880311866 | 8350.120570126 | 8368.789000337001 | 8387.457430548 | 9596.373770247003 | 9617.685518010001 | 9639.098490912 | 9647.664511839 | 9656.230532766001 | 9664.796553692999 | 9673.36257462 | 9681.954921351 | 9690.520942277997 | 9699.086963204998 | 9707.652984132 | 9716.219005059 | 9724.785025985999 | 9733.351046913 | 9741.917067839999 | 9750.483088766998 | 9759.049109693999
 | Total (t/dia) |  | 1.4638547339999999 | 2.3626850239999997 | 16.899332936 | 16.977105234000003 | 17.054877532000003 | 22.457580261999997 | 22.546162311 | 22.63474436 | 22.723326409000002 | 26.574697481999998 | 26.677701502 | 26.737345049000005 | 26.796988596 | 30.659341119000008 | 30.727429770000004 | 30.795841824 | 30.823209303000002 | 30.850576782000005 | 30.877944260999996 | 30.90531174 | 30.932763327 | 30.96013080599999 | 30.987498284999994 | 31.014865764000003 | 31.042233243 | 31.069600721999997 | 31.096968201 | 31.124335679999994 | 31.151703158999993 | 31.179070637999995
 | ENVIO À CTR - RSD APÓS COLETA SELETIVA (t/ano)
 | Municípios |  | 1 | 2 | 3 | 4 | 5 | 6 | 7 | 8 | 9 | 10 | 11 | 12 | 13 | 14 | 15 | 16 | 17 | 18 | 19 | 20 | 21 | 22 | 23 | 24 | 25 | 26 | 27 | 28 | 29 | 30
 | Arapuá |  | 563.150226 | 559.952931 | 515.5557189360001 | 512.595023766 | 509.634328596 | 494.088867153 | 490.4318011320001 | 486.774735111 | 483.11766909000005 | 470.965177101 | 467.75104301399995 | 463.591575372 | 459.43210773000004 | 447.060281304 | 442.97584351800003 | 439.077061995 | 434.806967946 | 430.536873897 | 426.266779848 | 421.99668579900003 | 417.355279224 | 413.08518517500005 | 408.815091126 | 404.544997077 | 400.27490302800004 | 396.004808979 | 391.73471493 | 387.46462088100003 | 383.194526832 | 378.924432783
 | Coromandel |  | 6286.2254411760005 | 6105.158356006 | 6108.592646468 | 6112.026936929999 | 6115.461227391999 | 5967.308310453 | 5958.443338218 | 5949.5783659829995 | 5940.713393748 | 5826.743687576999 | 5818.035791261999 | 5801.200525052999 | 5784.365258844 | 5663.493374955 | 5646.961788858001 | 5630.050166298999 | 5606.297887423999 | 5582.545608548999 | 5558.793329673999 | 5535.041050798999 | 5511.478790154999 | 5487.726511279999 | 5463.9742324049985 | 5440.221953529999 | 5416.469674654999 | 5392.717395779999 | 5368.965116904999 | 5345.212838029999 | 5321.460559154999 | 5297.708280279999
 | Cruzeiro da Fortaleza |  | 777.1558380000001 | 778.00845 | 721.225343412 | 722.0148621239999 | 722.8043808360001 | 706.0062192120001 | 705.813742053 | 705.621264894 | 705.4287877350001 | 692.740429104 | 692.1732289710001 | 690.6606952830001 | 689.1481615950001 | 675.231828531 | 673.7465784270001 | 672.4469845860001 | 670.21910943 | 667.9912342740001 | 665.763359118 | 663.5354839620001 | 661.307608806 | 659.0797336500001 | 656.851858494 | 654.623983338 | 652.396108182 | 650.168233026 | 647.94035787 | 645.712482714 | 643.484607558 | 641.256732402
 | Guimarânia |  | 1856.851842 | 1874.04681 | 1751.289886428 | 1767.212426796 | 1783.1349671639998 | 1754.1876479399998 | 1767.681399078 | 1781.175150216 | 1794.668901354 | 1776.124333068 | 1789.1974215960001 | 1799.7285206880001 | 1810.25961978 | 1787.9466923759999 | 1798.2878280120003 | 1808.9855545320002 | 1816.473963096 | 1823.96237166 | 1831.4507802240003 | 1838.9391887880001 | 1846.0710064680004 | 1853.5594150319998 | 1861.0478235960002 | 1868.53623216 | 1876.0246407240002 | 1883.5130492880003 | 1891.001457852 | 1898.489866416 | 1905.9782749800002 | 1913.466683544
 | Lagoa Formosa |  | 4322.642054 | 4341.1857390000005 | 4037.1094466239992 | 4054.280898933999 | 4071.4523512439996 | 3986.873513154 | 3996.5264829209996 | 4006.179452688 | 4015.8324224549992 | 3954.158962238 | 3964.027911394999 | 3967.7045787279994 | 3971.3812460609997 | 3903.3545012020004 | 3906.964847591 | 3910.9552304419994 | 3908.6750116699995 | 3906.3947928979997 | 3904.114574126 | 3901.8343553539994 | 3899.554136581999 | 3897.273917809999 | 3894.9936990380006 | 3892.713480266 | 3890.4332614939995 | 3888.1530427220005 | 3885.87282395 | 3883.5926051779993 | 3881.3123864059994 | 3879.032167634
 | Patos de Minas |  | 46422.7828 | 46672.31266 | 43449.62617352 | 43680.69082388 | 43911.75547424 | 43046.157116760005 | 43271.96871942 | 43497.78032208 | 43723.59192474 | 43170.67655460001 | 43392.009540420004 | 43541.23620292 | 43690.462865420006 | 43048.894677360004 | 43195.42953986001 | 43341.72994658 | 43430.11977563999 | 43518.5096047 | 43606.899433759994 | 43695.289262820006 | 43783.4446361 | 43871.83446515999 | 43960.22429421999 | 44048.61412327999 | 44137.00395234 | 44225.3937814 | 44313.78361046 | 44402.17343952 | 44490.563268579994 | 44578.95309764
 | Presidente Olegário |  | 4169.493031999999 | 4158.366821 | 3840.34480486 | 3830.041933474 | 3819.7390620879996 | 3714.423366465 | 3696.8904213779997 | 3679.3574762909993 | 3661.824531204 | 3579.719420693 | 3562.3036280629995 | 3538.6955536089995 | 3515.087479155 | 3428.498941933 | 3405.316717751 | 3381.754457107 | 3356.672050615 | 3331.5896441229997 | 3306.507237631 | 3281.4248311389997 | 3256.7224611089996 | 3231.640054617 | 3206.557648125 | 3181.4752416329998 | 3156.3928351409995 | 3131.310428649 | 3106.228022157 | 3081.145615665 | 3056.0632091729994 | 3030.980802681
 | Rio Paranaíba |  | 3216.164804082 | 3148.840319482 | 3175.9106090059995 | 3202.9808985299996 | 3230.051188054 | 3175.8270533429995 | 3196.7089879409996 | 3217.590922538999 | 3238.4728571369997 | 3201.603211815 | 3222.308654164 | 3238.756902759 | 3255.205151354 | 3212.6382315170003 | 3228.789781152 | 3245.131349018 | 3255.5823517229996 | 3266.033354428 | 3276.484357133 | 3286.935359838 | 3297.576380774 | 3308.0273834789996 | 3318.4783861839996 | 3328.9293888889997 | 3339.380391594 | 3349.8313942989994 | 3360.282397004 | 3370.733399709 | 3381.1844024139996 | 3391.635405119
 | Serra do Salitre |  | 2749.0467609999996 | 2773.262632 | 2590.4650937779998 | 2612.8889903239997 | 2635.31288687 | 2592.117881514 | 2610.6358235160005 | 2629.153765518 | 2647.6717075199995 | 2618.9481939379993 | 2636.9445129890005 | 2649.716094251 | 2662.487675513 | 2627.002043575 | 2639.543246821 | 2652.4644865289997 | 2661.5853616169998 | 2670.706236705 | 2679.827111793 | 2688.947986881 | 2698.448898431 | 2707.569773519 | 2716.6906486069997 | 2725.8115236950002 | 2734.932398783 | 2744.053273871 | 2753.1741489589995 | 2762.2950240469995 | 2771.4158991349996 | 2780.5367742229996
 | Total |  | 70363.512798258 | 70411.134718488 | 66190.119723032 | 66494.73279475799 | 66799.345866484 | 65436.989975994 | 65695.100715657 | 65953.21145532 | 66211.322194983 | 65291.67997013401 | 65544.751731874 | 65691.290648663 | 65837.829565452 | 64794.120572753 | 64938.016171990006 | 65082.59523708801 | 65140.43247916099 | 65198.269721234 | 65256.106963306986 | 65313.94420538 | 65371.959197649 | 65429.79643972198 | 65487.633681794985 | 65545.470923868 | 65603.308165941 | 65661.145408014 | 65718.982650087 | 65776.81989216 | 65834.657134233 | 65892.49437630599
 | ENVIO À CTR - RPU (t/ano)
 | Municípios |  | 1 | 2 | 3 | 4 | 5 | 6 | 7 | 8 | 9 | 10 | 11 | 12 | 13 | 14 | 15 | 16 | 17 | 18 | 19 | 20 | 21 | 22 | 23 | 24 | 25 | 26 | 27 | 28 | 29 | 30
 | Arapuá |  | 132.34030311 | 131.588938785 | 130.83757446 | 130.08621013500002 | 129.33484581 | 128.58348148500002 | 127.63175333999999 | 126.68002519500001 | 125.72829705000001 | 124.776568905 | 123.92502267 | 122.82302166 | 121.72102065 | 120.61901964 | 119.51701863000001 | 118.465108575 | 117.31301661 | 116.16092464500001 | 115.00883268 | 113.856740715 | 112.60446684000001 | 111.452374875 | 110.30028291 | 109.14819094500001 | 107.99609898 | 106.84400701500002 | 105.69191505 | 104.539823085 | 103.38773112000001 | 102.235639155
 | Coromandel |  | 1548.4936883399996 | 1549.3652415349998 | 1550.2367947299997 | 1551.1083479249996 | 1551.9799011199998 | 1552.9539899849997 | 1550.6469374099997 | 1548.3398848349998 | 1546.0328322599996 | 1543.7257796849997 | 1541.4187271099997 | 1536.958425465 | 1532.4981238199996 | 1528.0378221749995 | 1523.57752053 | 1519.0146832149996 | 1512.6062038399996 | 1506.1977244649997 | 1499.7892450899997 | 1493.3807657149998 | 1487.0235541749998 | 1480.6150747999995 | 1474.2065954249997 | 1467.7981160499999 | 1461.3896366749998 | 1454.9811572999997 | 1448.5726779249997 | 1442.1641985499998 | 1435.7557191749997 | 1429.3472397999997
 | Cruzeiro da Fortaleza |  | 182.63162193 | 182.83198575 | 183.03234957 | 183.23271339000001 | 183.43307721000002 | 183.73362294 | 183.683531985 | 183.63344103 | 183.583350075 | 183.53325912 | 183.382986255 | 182.98225861500003 | 182.581530975 | 182.18080333500004 | 181.780075695 | 181.42943901000004 | 180.82834755000002 | 180.22725609 | 179.62616463 | 179.02507317 | 178.42398171 | 177.82289025000003 | 177.22179879 | 176.62070733000002 | 176.01961587000002 | 175.41852441 | 174.81743295 | 174.21634149000002 | 173.61525003000003 | 173.01415857
 | Guimarânia |  | 436.36018286999996 | 440.40100035 | 444.44181783 | 448.48263531 | 452.52345278999996 | 456.5161653 | 460.02782811000003 | 463.53949091999993 | 467.05115372999995 | 470.56281654 | 474.02637438 | 476.81646264 | 479.60655089999995 | 482.39663915999995 | 485.18672742 | 488.07302561999995 | 490.09343435999995 | 492.11384309999994 | 494.13425183999993 | 496.15466058 | 498.0788593799999 | 500.09926812000003 | 502.11967686 | 504.14008559999996 | 506.16049433999996 | 508.18090307999995 | 510.20131182 | 512.22172056 | 514.2421293 | 516.26253804
 | Lagoa Formosa |  | 1015.8208826899997 | 1020.1786486649997 | 1024.5364146399997 | 1028.8941806149999 | 1033.2519465899998 | 1037.5584447299998 | 1040.0705686449999 | 1042.5826925599997 | 1045.0948164749998 | 1047.6069403899999 | 1050.2215999749997 | 1051.1956888399998 | 1052.169777705 | 1053.1438665699998 | 1054.1179554349999 | 1055.19457997 | 1054.5793659499998 | 1053.9641519299996 | 1053.34893791 | 1052.7337238899997 | 1052.1185098699998 | 1051.5032958499999 | 1050.88808183 | 1050.2728678099998 | 1049.6576537899998 | 1049.0424397699999 | 1048.4272257499997 | 1047.8120117299998 | 1047.1967977099998 | 1046.5815836899997
 | Patos de Minas |  | 10909.353957999998 | 10967.993475099998 | 11026.632992199999 | 11085.272509299999 | 11143.9120264 | 11202.4882862 | 11261.254317899999 | 11320.020349599998 | 11378.786381299999 | 11437.552413 | 11496.191930099998 | 11535.727742599998 | 11575.263555099998 | 11614.799367599997 | 11654.335180099997 | 11693.807735299997 | 11717.655737399999 | 11741.503739499998 | 11765.3517416 | 11789.199743699999 | 11812.984488499997 | 11836.8324906 | 11860.6804927 | 11884.528494799997 | 11908.3764969 | 11932.224498999998 | 11956.072501099998 | 11979.9205032 | 12003.768505299999 | 12027.616507399998
 | Presidente Olegário |  | 979.8308625199998 | 977.2162029349998 | 974.6015433499998 | 971.9868837649998 | 969.3722241799998 | 966.6550289249998 | 962.0921916099999 | 957.5293542949997 | 952.9665169799998 | 948.4036796649998 | 943.7895745149999 | 937.5348986449999 | 931.2802227749997 | 925.0255469049998 | 918.7708710349998 | 912.4136594949998 | 905.6463052749998 | 898.8789510549998 | 892.1115968349999 | 885.3442426149999 | 878.6794240649999 | 871.9120698449998 | 865.1447156249999 | 858.3773614049999 | 851.6100071849999 | 844.8426529649997 | 838.0752987449999 | 831.3079445249998 | 824.5405903049998 | 817.7732360849998
 | Rio Paranaíba |  | 792.2418542549999 | 799.1117441449999 | 805.9816340349997 | 812.8515239249999 | 819.7214138149999 | 826.4887680349998 | 831.9231585449998 | 837.3575490549998 | 842.7919395649999 | 848.226330075 | 853.7119884199997 | 858.0697543949998 | 862.4275203699998 | 866.7852863449998 | 871.1430523199998 | 875.5520861299998 | 878.3718170549998 | 881.1915479799998 | 884.0112789049998 | 886.8310098299999 | 889.7020085899999 | 892.5217395149998 | 895.3414704399999 | 898.1612013649999 | 900.9809322899998 | 903.8006632149999 | 906.6203941399999 | 909.4401250649998 | 912.2598559899999 | 915.0795869149998
 | Serra do Salitre |  | 646.0259888349999 | 651.7167185199999 | 657.4074482049998 | 663.09817789 | 668.7889075749998 | 674.5821729299998 | 679.4013494199999 | 684.2205259099999 | 689.0397023999999 | 693.8588788899999 | 698.626787545 | 702.0104646549999 | 705.3941417649999 | 708.7778188749998 | 712.1614959849999 | 715.6477087649998 | 718.1085648449999 | 720.5694209249998 | 723.0302770049998 | 725.4911330849999 | 728.0545248349999 | 730.5153809149999 | 732.9762369949998 | 735.4370930749999 | 737.8979491549999 | 740.3588052349997 | 742.8196613149998 | 745.2805173949998 | 747.7413734749999 | 750.2022295549998
 | Total |  | 16643.09934255 | 16720.403955785 | 16797.708569019997 | 16875.013182254996 | 16952.31779549 | 17029.559960529998 | 17096.731636964996 | 17163.9033134 | 17231.074989834997 | 17298.24666627 | 17365.294990969996 | 17404.118717514997 | 17442.942444059994 | 17481.76617060499 | 17520.58989715 | 17559.598026079995 | 17575.202792884997 | 17590.807559689994 | 17606.412326495 | 17622.017093299997 | 17637.669817964994 | 17653.27458477 | 17668.879351574997 | 17684.484118379998 | 17700.088885184996 | 17715.693651989997 | 17731.298418795 | 17746.9031856 | 17762.507952404998 | 17778.11271921
 | Total (t/dia) |  | 53.17284134999999 | 53.419820945000005 | 53.66680053999999 | 53.91378013499999 | 54.160759729999995 | 54.407539809999996 | 54.62214580499999 | 54.836751799999995 | 55.05135779499999 | 55.265963789999994 | 55.48017568999999 | 55.60421315499999 | 55.72825061999998 | 55.85228808499997 | 55.97632555 | 56.100952159999984 | 56.150807644999986 | 56.20066312999998 | 56.250518615 | 56.30037409999999 | 56.35038280499998 | 56.40023829 | 56.45009377499999 | 56.499949259999994 | 56.54980474499999 | 56.59966022999999 | 56.64951571499999 | 56.6993712 | 56.749226685 | 56.79908217
 | Meta de orgânicos destinados para tratamento biológico (toneladas/ano)
 |  |  | Ano 1 | Ano 2 | Ano 3 | Ano 4 | Ano 5 | Ano 6 | Ano 7 | Ano 8 | Ano 9 | Ano 10 | Ano 11 | Ano 12 | Ano 13 | Ano 14 | Ano 15 | Ano 16 | Ano 17 | Ano 18 | Ano 19 | Ano 20 | Ano 21 | Ano 22 | Ano 23 | Ano 24 | Ano 25 | Ano 26 | Ano 27 | Ano 28 | Ano 29 | Ano 30
 | Meta - NT 01/24 |  | 0.036 | 0.072 | 0.072 | 0.072 | 0.072 | 0.108 | 0.108 | 0.108 | 0.108 | 0.144 | 0.144 | 0.144 | 0.144 | 0.181 | 0.181 | 0.181 | 0.181 | 0.181 | 0.181 | 0.181 | 0.181 | 0.181 | 0.181 | 0.181 | 0.181 | 0.181 | 0.181 | 0.181 | 0.181 | 0.181
 | Arapuá |  | 20.273408135999997 | 40.316611032 | 40.086405792 | 39.856200552 | 39.62599531199999 | 59.093685108 | 58.656295152000006 | 58.218905196 | 57.781515240000004 | 76.45883371199999 | 75.937035168 | 75.26176646399999 | 74.58649776 | 92.902308744 | 92.05353349800001 | 91.243338945 | 90.35598300599999 | 89.468627067 | 88.581271128 | 87.69391518900001 | 86.729397864 | 85.842041925 | 84.954685986 | 84.067330047 | 83.17997410800001 | 82.29261816900001 | 81.40526223 | 80.517906291 | 79.630550352 | 78.743194413
 | Coromandel |  | 237.216054384 | 474.69913783199996 | 474.96616689599995 | 475.2331959599999 | 475.5002250239999 | 713.6980039079999 | 712.6377414479999 | 711.5774789879999 | 710.5172165280001 | 945.9426054239998 | 944.5289221439998 | 941.7958011359998 | 939.0626801279999 | 1176.9142375049998 | 1173.4788562380002 | 1169.9645006889998 | 1165.0286080639999 | 1160.0927154389997 | 1155.1568228139997 | 1150.2209301889998 | 1145.3245247049997 | 1140.3886320799998 | 1135.4527394549998 | 1130.5168468299998 | 1125.5809542049997 | 1120.6450615799997 | 1115.7091689549998 | 1110.7732763299998 | 1105.8373837049996 | 1100.9014910799997
 | Cruzeiro da Fortaleza |  | 27.977610168000002 | 56.016608399999996 | 56.077996464 | 56.139384527999994 | 56.200772592 | 84.43928203200002 | 84.416261508 | 84.393240984 | 84.37022046000001 | 112.462933248 | 112.370851152 | 112.12529889600002 | 111.87974664000001 | 140.317980441 | 140.00933489700003 | 139.73927004600003 | 139.27630173 | 138.813333414 | 138.350365098 | 137.887396782 | 137.424428466 | 136.96146015 | 136.498491834 | 136.035523518 | 135.572555202 | 135.109586886 | 134.64661857 | 134.18365025399999 | 133.72068193799998 | 133.25771362199998
 | Guimarania |  | 66.846666312 | 134.93137031999998 | 136.169408016 | 137.407445712 | 138.645483408 | 209.80317384 | 211.41704440799998 | 213.030914976 | 214.644785544 | 288.34487481599996 | 290.46722515199997 | 292.176896256 | 293.88656735999996 | 371.548049736 | 373.69701133200005 | 375.920075052 | 377.47621965599996 | 379.03236425999995 | 380.588508864 | 382.144653468 | 383.6266959480001 | 385.18284055199996 | 386.738985156 | 388.29512976 | 389.851274364 | 391.40741896800006 | 392.96356357199994 | 394.519708176 | 396.07585278 | 397.631997384
 | Lagoa Formosa |  | 155.61511394399997 | 312.565373208 | 313.9005185279999 | 315.2356638479999 | 316.5708091679999 | 476.835370344 | 477.98987835599996 | 479.14438636799997 | 480.29889437999987 | 641.937869856 | 643.5400442399998 | 644.1369327359998 | 644.733821232 | 811.144850422 | 811.8951061009999 | 812.7243360619999 | 812.2504903699999 | 811.7766446779999 | 811.302798986 | 810.8289532939998 | 810.3551076019999 | 809.8812619099998 | 809.4074162180001 | 808.9335705259999 | 808.4597248339999 | 807.985879142 | 807.51203345 | 807.0381877579998 | 806.5643420659998 | 806.0904963739999
 | Patos de Minas |  | 1671.2201808 | 3360.40651152 | 3378.3726614400002 | 3396.33881136 | 3414.30496128 | 5148.37759536 | 5175.38496312 | 5202.3923308799995 | 5229.39969864 | 7008.5427552 | 7044.4750550399995 | 7068.70125504 | 7092.9274550400005 | 8945.86674696 | 8976.31773446 | 9006.720000379999 | 9025.088036039999 | 9043.456071699999 | 9061.824107359998 | 9080.19214302 | 9098.511457100001 | 9116.87949276 | 9135.247528419997 | 9153.615564079999 | 9171.983599739999 | 9190.3516354 | 9208.719671059998 | 9227.08770672 | 9245.455742379998 | 9263.82377804
 | Presidente Olegário |  | 150.10174915199997 | 299.4024111119999 | 298.60132391999997 | 297.80023672799996 | 296.99914953599995 | 444.24997074 | 442.1530072079999 | 440.05604367599994 | 437.9590801439999 | 581.1494888159999 | 578.322122256 | 574.4894698079999 | 570.65681736 | 712.4664850629999 | 707.649053861 | 702.7526483769999 | 697.540345765 | 692.328043153 | 687.1157405409999 | 681.9034379289999 | 676.770109599 | 671.5578069869999 | 666.345504375 | 661.133201763 | 655.9208991509998 | 650.708596539 | 645.4962939269999 | 640.283991315 | 635.071688703 | 629.859386091
 | Rio Paranaíba |  | 121.364709588 | 244.83423650399996 | 246.93905383199996 | 249.04387115999998 | 251.14868848799995 | 379.83313594799995 | 382.33064307599994 | 384.8281502039999 | 387.325657332 | 519.76421928 | 523.125643968 | 525.7959346079999 | 528.4662252479999 | 667.6090928870001 | 670.965499872 | 674.361393998 | 676.5331867529999 | 678.704979508 | 680.8767722629999 | 683.0485650179999 | 685.259844914 | 687.4316376689999 | 689.603430424 | 691.7752231789999 | 693.947015934 | 696.1188086889998 | 698.290601444 | 700.462394199 | 702.6341869539999 | 704.805979709
 | Serra do Salitre |  | 98.96568339599997 | 199.67490950399997 | 201.41845221599996 | 203.16199492799996 | 204.90553763999998 | 310.020743304 | 312.235513776 | 314.450284248 | 316.66505471999994 | 425.1731002559999 | 428.09471236800005 | 430.168114512 | 432.24151665599993 | 545.909724325 | 548.515875631 | 551.201001219 | 553.096383987 | 554.991766755 | 556.887149523 | 558.7825322909999 | 560.756889341 | 562.652272109 | 564.5476548769999 | 566.443037645 | 568.3384204129999 | 570.2338031809999 | 572.1291859489999 | 574.0245687169999 | 575.919951485 | 577.815334253
 | Total |  | 2549.58117588 | 5122.847169432 | 5146.531987104001 | 5170.216804776 | 5193.901622448 | 7826.350960583999 | 7857.2213480519995 | 7888.091735519999 | 7918.962122987999 | 10599.776680607998 | 10640.861611487999 | 10664.651469456001 | 10688.441327424001 | 13464.679476083 | 13494.582005889999 | 13524.626564768 | 13536.645555370998 | 13548.664545973998 | 13560.683536576997 | 13572.70252718 | 13584.758455539002 | 13596.777446142 | 13608.796436744997 | 13620.815427347998 | 13632.834417950997 | 13644.853408554 | 13656.872399156997 | 13668.891389759998 | 13680.910380362997 | 13692.929370966
 | Total (t/dia) |  | 8.14562676 | 16.366923864 | 16.442594208000003 | 16.518264551999998 | 16.593934896 | 25.004316167999995 | 25.102943604 | 25.201571039999997 | 25.300198475999995 | 33.86510121599999 | 33.99636297599999 | 34.072368912 | 34.148374848 | 43.018145290999996 | 43.113680529999996 | 43.209669536 | 43.24806886699999 | 43.286468197999994 | 43.32486752899999 | 43.363266859999996 | 43.401784203000005 | 43.440183534 | 43.47858286499999 | 43.516982195999994 | 43.55538152699999 | 43.593780857999995 | 43.63218018899999 | 43.67057951999999 | 43.70897885099999 | 43.747378182
 | Parcela dos orgânicos destinados para tratamento biológico a ser coletada de forma seletiva (toneladas/ano)
 |  |  | Ano 1 | Ano 2 | Ano 3 | Ano 4 | Ano 5 | Ano 6 | Ano 7 | Ano 8 | Ano 9 | Ano 10 | Ano 11 | Ano 12 | Ano 13 | Ano 14 | Ano 15 | Ano 16 | Ano 17 | Ano 18 | Ano 19 | Ano 20 | Ano 21 | Ano 22 | Ano 23 | Ano 24 | Ano 25 | Ano 26 | Ano 27 | Ano 28 | Ano 29 | Ano 30
 | Meta - NT 01/24 |  |  |  |  |  |  |  |  | 0.1 | 0.118 | 0.136 | 0.154 | 0.172 | 0.19 | 0.208 | 0.226 | 0.244 | 0.262 | 0.28 | 0.298 | 0.316 | 0.334 | 0.352 | 0.37 | 0.388 | 0.406 | 0.424 | 0.442 | 0.46 | 0.478 | 0.5
 | Arapuá |  | 0 | 0 | 0 | 0 | 0 | 0 | 0 | 5.8218905196 | 6.81821879832 | 10.398401384831999 | 11.694303415872 | 12.945023831807998 | 14.171434574400001 | 19.323680218752 | 20.804098570548003 | 22.263374702580002 | 23.673267547572 | 25.05121557876 | 26.397218796144 | 27.711277199724 | 28.967618886576005 | 30.2163987576 | 31.43323381482 | 32.618124058236 | 33.77106948784801 | 34.892070103656 | 35.98112590566 | 37.03823689386 | 38.063403068256 | 39.3715972065
 | Coromandel |  | 0 | 0 | 0 | 0 | 0 | 0 | 0 | 71.1577478988 | 83.84103155030401 | 128.648194337664 | 145.45745401017598 | 161.98887779539194 | 178.42190922432 | 244.79816140103995 | 265.20622150978807 | 285.47133816811595 | 305.237495312768 | 324.82596032291997 | 344.2367331985719 | 363.4698139397239 | 382.53839125146993 | 401.4167984921599 | 420.11751359834994 | 438.64053657003996 | 456.9858674072299 | 475.1535061099199 | 493.1434526781099 | 510.95570711179994 | 528.5902694109898 | 550.4507455399998
 | Cruzeiro da Fortaleza |  | 0 | 0 | 0 | 0 | 0 | 0 | 0 | 8.4393240984 | 9.955686014280001 | 15.294958921728002 | 17.305111077408 | 19.285551410112003 | 21.2571518616 | 29.186139931728 | 31.64210968672201 | 34.096381891224006 | 36.49039105326 | 38.86773335592 | 41.228408799204 | 43.572417383112 | 45.899759107644 | 48.2104339728 | 50.50444197858 | 52.781783124983995 | 55.042457412012 | 57.28646483966399 | 59.51380540794 | 61.724479116839994 | 63.91848596636399 | 66.62885681099999
 | Guimarania |  | 0 | 0 | 0 | 0 | 0 | 0 | 0 | 21.3030914976 | 25.328084694192 | 39.214902974976 | 44.731952673407996 | 50.254426156032 | 55.83844779839999 | 77.281994345088 | 84.45552456103201 | 91.724498312688 | 98.89876954987199 | 106.12906199279999 | 113.415375641472 | 120.757710495888 | 128.13131644663204 | 135.58435987430397 | 143.09342450772002 | 150.65851034688 | 158.279617391784 | 165.95674564243203 | 173.68989509882397 | 181.47906576096 | 189.32425762884 | 198.815998692
 | Lagoa Formosa |  | 0 | 0 | 0 | 0 | 0 | 0 | 0 | 47.9144386368 | 56.675269536839984 | 87.303550300416 | 99.10516681295996 | 110.79155243059196 | 122.49942603408 | 168.718128887776 | 183.488293978826 | 198.30473799912798 | 212.80962847693996 | 227.29746050984 | 241.76823409782799 | 256.22194924090394 | 270.65860593906797 | 285.0782041923199 | 299.48074400066 | 313.866225364088 | 328.234648282604 | 342.586012756208 | 356.9203187849 | 371.23756636867995 | 385.5377555075479 | 403.04524818699997
 | Patos de Minas |  | 0 | 0 | 0 | 0 | 0 | 0 | 0 | 520.239233088 | 617.0691644395199 | 953.1618147072 | 1084.8491584761598 | 1215.81661586688 | 1347.6562164576 | 1860.74028336768 | 2028.6478079879603 | 2197.6396800927196 | 2364.5730654424797 | 2532.1677000759996 | 2700.4235839932794 | 2869.34071719432 | 3038.902826671401 | 3209.1415814515194 | 3380.0415855153988 | 3551.60283886304 | 3723.8253414944397 | 3896.7090934096 | 4070.254094608519 | 4244.4603450912 | 4419.327844857638 | 4631.91188902
 | Presidente Olegário
 | Rio Paranaíba |  | 0 | 0 | 0 | 0 | 0 | 0 | 0 | 38.48281502039999 | 45.704427565176 | 70.68793382208001 | 80.561349171072 | 90.43690075257598 | 100.40858279711998 | 138.86269132049603 | 151.63820297107202 | 164.544180135512 | 177.25169492928597 | 190.03739426224 | 202.90127813437397 | 215.84334654568795 | 228.876788201276 | 241.97593645948794 | 255.15326925687998 | 268.40878659345196 | 281.74248846920403 | 295.1543748841359 | 308.64444583824803 | 322.21270133154 | 335.8591413640119 | 352.4029898545
 | Serra do Salitre |  | 0 | 0 | 0 | 0 | 0 | 0 | 0 | 31.4450284248 | 37.366476456959994 | 57.82354163481599 | 65.92658570467201 | 73.988915696064 | 82.12588816463999 | 113.54922265959999 | 123.96458789260599 | 134.493044297436 | 144.911252604594 | 155.3976946914 | 165.95237055785398 | 176.57528020395597 | 187.29280103989402 | 198.053599782368 | 208.88263230448996 | 219.77989860626002 | 230.74539868767798 | 241.77913254874395 | 252.88110018945795 | 264.0513016098199 | 275.28973680982995 | 288.9076671265
 | Total |  | 0 | 0 | 0 | 0 | 0 | 0 | 0 | 744.8035691844 | 882.7583590555919 | 1362.533298083712 | 1549.6310813417278 | 1735.507863939456 | 1922.37905691216 | 2652.46030213216 | 2889.8468471585543 | 3128.537235599403 | 3363.8455649167713 | 3599.7742207898796 | 3836.3232032187275 | 4073.492512203316 | 4311.2681075439605 | 4549.67731298256 | 4788.7068449768985 | 5028.356703526979 | 5268.6268886328 | 5509.5174002943595 | 5751.02823851166 | 5993.159403284701 | 6235.9108946134775 | 6531.5349924375
 | Total (t/dia) |  | 0 | 0 | 0 | 0 | 0 | 0 | 0 | 2.3795641188 | 2.8203142461839996 | 4.353141527424 | 4.950898023455999 | 5.544753558912 | 6.14178612432 | 8.47431406432 | 9.232737530858001 | 9.995326631307996 | 10.747110431043998 | 11.500876104759998 | 12.256623652455998 | 13.014353074132 | 13.77401951292 | 14.535710265119999 | 15.299382891299995 | 16.065037391459995 | 16.8326737656 | 17.60229201372 | 18.37389213582 | 19.1474741319 | 19.92303800195999 | 20.8675239375
 | PROJEÇÃO RSU (RSD a ser coletado + RPU) a ser tratada e destinada (toneladas/ano)
 | Municípios |  | 1 | 2 | 3 | 4 | 5 | 6 | 7 | 8 | 9 | 10 | 11 | 12 | 13 | 14 | 15 | 16 | 17 | 18 | 19 | 20 | 21 | 22 | 23 | 24 | 25 | 26 | 27 | 28 | 29 | 30
 | Arapuá |  | 695.49052911 | 691.541869785 | 646.3932933960001 | 642.681233901 | 638.969174406 | 622.672348638 | 618.0635544720001 | 607.6328697864001 | 602.0277473416801 | 585.343344621168 | 579.9817622681279 | 573.469573200192 | 566.9816938056 | 548.3556207252481 | 541.688763577452 | 535.2787958674201 | 528.446717008428 | 521.64658296324 | 514.878393731856 | 508.142149314276 | 500.992127177424 | 494.3211612924 | 487.68214022118 | 481.07506396376397 | 474.499932520152 | 467.956745890344 | 461.44550407434 | 454.96620707214004 | 448.51885488374404 | 441.7884747315
 | Coromandel |  | 7834.719129516 | 7654.523597541 | 7658.829441198 | 7663.135284854998 | 7667.441128511999 | 7520.262300437999 | 7509.090275627999 | 7426.760502919199 | 7402.905194457696 | 7241.821272924335 | 7213.9970643618235 | 7176.170072722607 | 7138.44147343968 | 6946.73303572896 | 6905.333087878213 | 6863.593511345883 | 6813.66659595123 | 6763.9173726910785 | 6714.345841565428 | 6664.952002574275 | 6615.963953078529 | 6566.924787587838 | 6518.063314231647 | 6469.379533009959 | 6420.873443922768 | 6372.545046970078 | 6324.39434215189 | 6276.4213294681995 | 6228.626008919009 | 6176.604774539998
 | Cruzeiro da Fortaleza |  | 959.7874599300001 | 960.8404357500001 | 904.257692982 | 905.2475755139999 | 906.237458046 | 889.7398421520002 | 889.4972740380001 | 880.8153818256 | 879.0564517957201 | 860.978729302272 | 858.251104148592 | 854.3574024878881 | 850.4725407084001 | 828.2264919342721 | 823.884544435278 | 819.7800417047761 | 814.55706592674 | 809.3507570080801 | 804.1611149487961 | 798.9881397488881 | 793.831831408356 | 788.6921899272 | 783.56921530542 | 778.462907543016 | 773.3732666399881 | 768.3002925963361 | 763.2439854120599 | 758.2043450871599 | 753.1813716216361 | 747.642034161
 | Guimarânia |  | 2293.21202487 | 2314.44781035 | 2195.731704258 | 2215.695062106 | 2235.658419954 | 2210.70381324 | 2227.709227188 | 2223.4115496384 | 2236.3919703898077 | 2207.4722466330236 | 2218.491843302592 | 2226.290557171968 | 2234.0277228816 | 2193.0613371909117 | 2199.019030870968 | 2205.334081839312 | 2207.6686279061278 | 2209.9471527672 | 2212.169656422528 | 2214.336138872112 | 2216.0185494013685 | 2218.074323277696 | 2220.07407594828 | 2222.01780741312 | 2223.905517672216 | 2225.7372067255683 | 2227.512874573176 | 2229.23252121504 | 2230.8961466511605 | 2230.913222892
 | Lagoa Formosa |  | 5338.46293669 | 5361.364387665 | 5061.645861263999 | 5083.175079548999 | 5104.704297834 | 5024.431957884 | 5036.597051565999 | 5000.8477066112 | 5004.251969393159 | 4914.462352327584 | 4915.1443445570385 | 4908.108715137408 | 4901.05159773192 | 4787.780238884224 | 4777.594509047174 | 4767.845072412872 | 4750.444749143059 | 4733.061484318159 | 4715.695277938172 | 4698.346130003095 | 4681.0140405129305 | 4663.6990094676785 | 4646.401036867341 | 4629.120122711912 | 4611.856267001395 | 4594.609469735792 | 4577.3797309151 | 4560.1670505393195 | 4542.971428608451 | 4522.568503136999
 | Patos de Minas |  | 57332.136758 | 57640.3061351 | 54476.25916572 | 54765.96333318 | 55055.667500640004 | 54248.645402960006 | 54533.22303732 | 54297.56143859199 | 54485.30914160048 | 53655.06715289281 | 53803.35231204384 | 53861.14732965312 | 53918.0702040624 | 52802.95376159232 | 52821.11691197204 | 52837.89800178728 | 52783.20244759751 | 52727.84564412399 | 52671.82759136672 | 52615.14828932568 | 52557.5262979286 | 52499.52537430847 | 52440.86320140459 | 52381.53977921695 | 52321.55510774555 | 52260.9091869904 | 52199.602016951474 | 52137.633597628796 | 52075.00392902236 | 51974.65771602
 | Presidente Olegário |  | 5149.323894519999 | 5135.583023935 | 4814.94634821 | 4802.028817239 | 4789.111286267999 | 4681.07839539 | 4658.982612987999 | 4636.886830585999 | 4614.791048184 | 4528.123100358 | 4506.093202577999 | 4476.230452254 | 4446.367701929999 | 4353.524488838 | 4324.087588786 | 4294.168116602 | 4262.31835589 | 4230.468595177999 | 4198.6188344659995 | 4166.769073754 | 4135.401885173999 | 4103.5521244619995 | 4071.7023637499997 | 4039.852603038 | 4008.002842325999 | 3976.153081614 | 3944.303320902 | 3912.4535601899997 | 3880.603799477999 | 3848.754038766
 | Rio Paranaíba |  | 4008.406658337 | 3947.952063627 | 3981.8922430409993 | 4015.8324224549997 | 4049.7726018689996 | 4002.3158213779993 | 4028.6321464859993 | 4016.465656573599 | 4035.5603691368233 | 3979.14160806792 | 3995.4592934129278 | 4006.3897564014237 | 4017.22408892688 | 3940.560826541504 | 3948.294630500928 | 3956.1392550124883 | 3956.7024738487135 | 3957.18750814576 | 3957.594357903625 | 3957.9230231223114 | 3958.4016011627236 | 3958.573186534512 | 3958.66658736712 | 3958.6818036605478 | 3958.6188354147957 | 3958.477682629863 | 3958.258345305752 | 3957.96082344246 | 3957.585117039988 | 3954.3120021795
 | Serra do Salitre |  | 3395.0727498349997 | 3424.9793505199996 | 3247.872541983 | 3275.9871682139997 | 3304.101794445 | 3266.7000544439998 | 3290.0371729360004 | 3281.9292630032 | 3299.3449334630395 | 3254.983531193183 | 3269.644714829328 | 3277.737643209936 | 3285.75592911336 | 3222.2306397903994 | 3227.7401549133942 | 3233.6191509965633 | 3234.7826738574054 | 3235.8779629386 | 3236.9050182401456 | 3237.863839762044 | 3239.210622226106 | 3240.031554651632 | 3240.7842532975096 | 3241.46871816374 | 3242.0849492503216 | 3242.6329465572558 | 3243.1127100845415 | 3243.5242398321793 | 3243.867535800169 | 3241.8313366514994
 | Total |  | 87006.612140808 | 87131.538674273 | 82987.828292052 | 83369.745977013 | 83751.663661974 | 82466.549936524 | 82791.83235262199 | 82372.31119953557 | 82559.63882576239 | 81227.3933383203 | 81360.41564150227 | 81359.90150223854 | 81358.39295259985 | 79623.42644122583 | 79568.75922198145 | 79513.65602756859 | 79351.78970712922 | 79189.3030601341 | 79026.19608658327 | 78862.46878647666 | 78698.36090807004 | 78533.39371150943 | 78367.80618839306 | 78201.59833872103 | 78034.77016249317 | 77867.32165970963 | 77699.25283037034 | 77530.56367447531 | 77361.25419202451 | 77139.0721030785
 | Total (t/dia) |  | 277.97639661600005 | 278.375522921 | 265.136831604 | 266.35701590099995 | 267.577200198 | 263.471405548 | 264.51064649399996 | 263.17032332119993 | 263.76881413981596 | 259.512438780576 | 259.937430164544 | 259.935787547088 | 259.93096789968007 | 254.38794390168 | 254.21328824914204 | 254.03723970469198 | 253.52009491095598 | 253.00096824323995 | 252.47985970154397 | 251.95676928586792 | 251.43246296508 | 250.90541121887998 | 250.3763775986999 | 249.84536210454002 | 249.3123647363999 | 248.77738549427997 | 248.24042437818002 | 247.70148138810004 | 247.16055652403998 | 246.4507095945
 | Coleta Seletiva - Balanço de Massa - após UTR
 | Municípios |  | 1 | 2 | 3 | 4 | 5 | 6 | 7 | 8 | 9 | 10 | 11 | 12 | 13 | 14 | 15 | 16 | 17 | 18 | 19 | 20 | 21 | 22 | 23 | 24 | 25 | 26 | 27 | 28 | 29 | 30
 |  | UTR
 | Arapuá | Não | 0 | 0 | 41.199917064000005 | 40.963317234 | 40.726717404 | 53.07488384700001 | 52.68204286800001 | 52.289201889000005 | 51.896360910000006 | 59.998945899 | 59.589478985999996 | 59.059580628000006 | 58.52968227000001 | 66.212142696 | 65.607214482 | 65.029783005 | 64.397358054 | 63.76493310300001 | 63.13250815200001 | 62.500083201 | 61.812664776000005 | 61.18023982500001 | 60.547814874000004 | 59.915389923000006 | 59.28296497200001 | 58.65054002100001 | 58.01811507 | 57.385690119 | 56.753265168 | 56.120840217
 | Coromandel | Sim | 60.621880564799994 | 97.57704499879999 | 97.6319343064 | 97.68682361399999 | 97.7417129216 | 128.2013081094 | 128.0108535564 | 127.82039900340001 | 127.62994445040002 | 148.4604366846 | 148.2385669476 | 147.8096187894 | 147.3806706312 | 167.75904600900003 | 167.26936182840004 | 166.7684205402 | 166.0648513152 | 165.3612820902 | 164.65771286519998 | 163.9541436402 | 163.256202969 | 162.552633744 | 161.84906451899997 | 161.14549529399997 | 160.44192606899998 | 159.73835684399998 | 159.03478761899999 | 158.33121839399996 | 157.62764916899997 | 156.924079944
 | Cruzeiro da Fortaleza | Não | 0 | 0 | 57.635718588 | 57.69881187599999 | 57.761905164000005 | 75.83898478800002 | 75.818308947 | 75.797633106 | 75.77695726500001 | 88.25216289600002 | 88.17990402900001 | 87.98721371700002 | 87.794523405 | 100.005632469 | 99.78565857300002 | 99.59318141400001 | 99.26322057000002 | 98.93325972600002 | 98.603298882 | 98.273338038 | 97.943377194 | 97.61341635000001 | 97.283455506 | 96.95349466200001 | 96.623533818 | 96.293572974 | 95.96361213 | 95.633651286 | 95.30369044199999 | 94.973729598
 | Guimarânia | Não | 0 | 0 | 139.951891572 | 141.224319204 | 142.49674683599997 | 188.43433206 | 189.883826922 | 191.333321784 | 192.78281664600001 | 226.270630932 | 227.936086404 | 229.27770331200003 | 230.61932022000002 | 264.804963624 | 266.336543988 | 267.92093746800003 | 269.030012904 | 270.13908834 | 271.248163776 | 272.357239212 | 273.41350153200005 | 274.522576968 | 275.631652404 | 276.74072784000003 | 277.849803276 | 278.95887871200006 | 280.067954148 | 281.177029584 | 282.28610502000004 | 283.395180456
 | Lagoa Formosa | Não | 0 | 0 | 322.61997737599995 | 323.99221006599987 | 325.36444275599996 | 428.268804846 | 429.30572407899996 | 430.342643312 | 431.37956254499994 | 503.742911762 | 505.00017360499993 | 505.4685652719999 | 505.93695693899997 | 578.108760798 | 578.643473409 | 579.234471558 | 578.89675833 | 578.5590451019999 | 578.221331874 | 577.883618646 | 577.5459054179998 | 577.2081921899999 | 576.8704789620001 | 576.532765734 | 576.1950525059999 | 575.857339278 | 575.51962605 | 575.181912822 | 574.8441995939999 | 574.506486366
 | Patos de Minas | Não | 0 | 0 | 3472.21634648 | 3490.68155612 | 3509.14676576 | 4624.00580324 | 4648.26242058 | 4672.51903792 | 4696.77565526 | 5499.7592454000005 | 5527.956119580001 | 5546.966957080001 | 5565.977794580001 | 6375.78348264 | 6397.486120140001 | 6419.15403342 | 6432.24506436 | 6445.3360953 | 6458.42712624 | 6471.51815718 | 6484.5744639 | 6497.665494839999 | 6510.756525779999 | 6523.847556719999 | 6536.93858766 | 6550.0296186000005 | 6563.120649539999 | 6576.21168048 | 6589.3027114199995 | 6602.39374236
 | Presidente Olegário | Não | 0 | 0 | 306.89580514 | 306.072465526 | 305.24912591199995 | 399.002288535 | 397.11890462199995 | 395.23552070899996 | 393.35213679599997 | 456.040918307 | 453.82222093699994 | 450.8146533909999 | 447.807085845 | 507.779981067 | 504.34656324900004 | 500.856859893 | 497.14201438500004 | 493.427168877 | 489.712323369 | 485.99747786099994 | 482.338917891 | 478.624072383 | 474.909226875 | 471.194381367 | 467.47953585899995 | 463.764690351 | 460.04984484299996 | 456.334999335 | 452.62015382699997 | 448.905308319
 | Rio Paranaíba | Sim | 31.0154257836 | 50.327037503599996 | 50.759694398799994 | 51.192351294 | 51.625008189199995 | 68.2292855314 | 68.6779118118 | 69.1265380922 | 69.5751643726 | 81.57410663700001 | 82.1016635672 | 82.52075084820001 | 82.9398381292 | 95.16195909660001 | 95.6403861696 | 96.12444179640002 | 96.4340122554 | 96.7435827144 | 97.0531531734 | 97.36272363239999 | 97.67792264520001 | 97.98749310419998 | 98.2970635632 | 98.6066340222 | 98.9162044812 | 99.22577494019998 | 99.53534539920001 | 99.84491585820001 | 100.1544863172 | 100.46405677620001
 | Serra do Salitre | Não | 0 | 0 | 207.01340922199998 | 208.80538367599996 | 210.59735813 | 278.444556486 | 280.43374848400003 | 282.42294048200006 | 284.41213247999997 | 333.64278006199993 | 335.93543401100004 | 337.56247874900004 | 339.189523487 | 389.073781425 | 390.931204179 | 392.844912471 | 394.195765383 | 395.546618295 | 396.89747120699997 | 398.24832411899996 | 399.655462569 | 401.006315481 | 402.357168393 | 403.70802130500005 | 405.058874217 | 406.409727129 | 407.76058004099997 | 409.11143295299996 | 410.46228586499996 | 411.81313877699995
 | Total |  | 91.63730634839999 | 147.9040825024 | 4695.9246941472 | 4718.3172386100005 | 4740.709783072801 | 6243.5002474428 | 6270.1937418702 | 6296.8872362976 | 6323.580730725 | 7397.742138579601 | 7428.759648066801 | 7447.467521786601 | 7466.1753955064005 | 8544.689749824602 | 8566.046526018 | 8587.527041565601 | 8597.669057556599 | 8607.8110735476 | 8617.9530895386 | 8628.095105529601 | 8638.218418894201 | 8648.360434885199 | 8658.5024508762 | 8668.6444668672 | 8678.7864828582 | 8688.9284988492 | 8699.0705148402 | 8709.212530831199 | 8719.3545468222 | 8729.496562813198
 | Distribuição dos Resíduos - com base no Transbordo e Transporte (t/ano)
 |  |  | 1 | 2 | 3 | 4 | 5 | 6 | 7 | 8 | 9 | 10 | 11 | 12 | 13 | 14 | 15 | 16 | 17 | 18 | 19 | 20 | 21 | 22 | 23 | 24 | 25 | 26 | 27 | 28 | 29 | 30
 | ETR - 02 - Coromandel |  | 7592.231607256801 | 7264.2154175458 | 4425.2467588418 | 4453.74425118 | 4482.2417435182 | 4352.0710278904 | 4371.984053710799 | 4347.5923739912005 | 4359.287458988103 | 4238.188526141089 | 4247.034401412255 | 4249.776326208816 | 4252.446430215679 | 4108.268610880352 | 4107.421849399981 | 4106.920283694308 | 4099.413141835542 | 4091.8597602514005 | 4084.2601389418815 | 4076.6142779069874 | 4068.682037759347 | 4060.944375410112 | 4053.1604733354993 | 4045.3303315355124 | 4037.4539500101478 | 4029.531328759407 | 4021.562467783292 | 4013.5473670818 | 4005.4860266549313 | 3994.2442498061996
 | ETR - 01 - Arapuá |  | 4579.8354843126 | 4438.1857833976 | 4425.2467588418 | 4453.74425118 | 4482.2417435182 | 4352.0710278904 | 4371.984053710799 | 4347.5923739912005 | 4359.287458988103 | 4238.188526141089 | 4247.034401412255 | 4249.776326208816 | 4252.446430215679 | 4108.268610880352 | 4107.421849399981 | 4106.920283694308 | 4099.413141835542 | 4091.8597602514005 | 4084.2601389418815 | 4076.6142779069874 | 4068.682037759347 | 4060.944375410112 | 4053.1604733354993 | 4045.3303315355124 | 4037.4539500101478 | 4029.531328759407 | 4021.562467783292 | 4013.5473670818 | 4005.4860266549313 | 3994.2442498061996
 | ETR - 03 - Guimarânia |  | 6648.072234634999 | 6700.26759662 | 6347.861939222999 | 6396.929805833999 | 6445.997672444999 | 6367.143709836 | 6407.243674162 | 6386.1561944672 | 6414.793355648568 | 6323.434507128479 | 6346.387662280513 | 6358.385602869792 | 6370.25619270336 | 6243.518468915583 | 6250.64373021964 | 6258.733274540651 | 6257.008367690274 | 6255.17587271388 | 6253.23578961147 | 6251.188118383044 | 6249.06100303583 | 6246.798067856529 | 6244.42754455121 | 6241.949433119876 | 6239.363733562525 | 6236.67044587916 | 6233.869570069777 | 6230.961106134379 | 6227.945054072966 | 6220.386593704499
 | ETR - 04 - Presidente Olegário |  | 5149.323894519999 | 5135.583023935 | 4814.94634821 | 4802.028817239 | 4789.111286267999 | 4681.07839539 | 4658.982612987999 | 4636.886830586 | 4614.791048184 | 4528.123100358 | 4506.093202577999 | 4476.230452254 | 4446.367701929999 | 4353.524488838 | 4324.087588786 | 4294.168116602 | 4262.31835589 | 4230.468595177999 | 4198.6188344659995 | 4166.769073754 | 4135.401885173999 | 4103.5521244619995 | 4071.7023637499997 | 4039.852603038 | 4008.002842325999 | 3976.153081614 | 3944.303320902 | 3912.4535601899997 | 3880.603799477999 | 3848.754038766
 | ETR - 05  - Patos de Minas |  | 62670.59969469 | 63001.670522765 | 59537.905026984 | 59849.138412729 | 60160.37179847401 | 59273.07736084401 | 59569.820088886 | 59298.40914520319 | 59489.56111099364 | 58569.529505220395 | 58718.49665660088 | 58769.25604479053 | 58819.121801794325 | 57590.73400047654 | 57598.711421019216 | 57605.743074200145 | 57533.64719674057 | 57460.90712844215 | 57387.522869304885 | 57313.49441932878 | 57238.54033844152 | 57163.224383776156 | 57087.26423827193 | 57010.65990192886 | 56933.411374746946 | 56855.51865672619 | 56776.98174786657 | 56697.800648168115 | 56617.97535763081 | 56497.226219157004
 | Transporte direto ao Destino Final |  | 0 | 0 | 64352.851375194005 | 64651.167229968 | 64949.483084742 | 63954.155756234 | 64228.802701873996 | 63935.29597578919 | 64104.35215917764 | 63097.65260557839 | 63224.58985917888 | 63245.48649704453 | 63265.489503724326 | 61944.25848931454 | 61922.79900980522 | 61899.911190802144 | 61795.96555263057 | 61691.37572362015 | 61586.14170377089 | 61480.26349308278 | 61373.94222361552 | 61266.77650823815 | 61158.96660202193 | 61050.512504966864 | 60941.41421707295 | 60831.67173834019 | 60721.28506876857 | 60610.254208358114 | 60498.579157108805 | 60345.980257923
 | Total |  | 86640.0629154144 | 86539.92234426341 | 143904.0582072946 | 144606.75276813 | 145309.4473289654 | 142979.5972780848 | 143608.8171853316 | 142951.932894028 | 143342.07259198005 | 140995.11677056743 | 141289.63618346278 | 141348.91124937648 | 141406.12806058337 | 138348.57266930537 | 138311.08544863004 | 138272.39622353355 | 138047.76575662248 | 137821.646840457 | 137594.03947503702 | 137364.94366036257 | 137134.30952578556 | 136902.23983515304 | 136668.68169526604 | 136433.63510612462 | 136197.10006772872 | 135959.07658007837 | 135719.5646431735 | 135478.56425701422 | 135236.07542160043 | 134900.83560916292
 | Distribuição dos Resíduos - com base no Tratamento (t/ano)
 |  |  | 1 | 2 | 3 | 4 | 5 | 6 | 7 | 8 | 9 | 10 | 11 | 12 | 13 | 14 | 15 | 16 | 17 | 18 | 19 | 20 | 21 | 22 | 23 | 24 | 25 | 26 | 27 | 28 | 29 | 30
 | Envio direto ao Destino Final |  | 86640.0629154144 | 86539.92234426341 | 0 | 0 | 0 | 0 | 0 | 0 | 0 | 0 | 0 | 0 | 0 | 0 | 0 | 0 | 0 | 0 | 0 | 0 | 0 | 0 | 0 | 0 | 0 | 0 | 0 | 0 | 0 | 0
 | UTM CISPAR |  | 0 | 0 | 82394.26177723118 | 82774.229277381 | 83154.1967775308 | 81680.82756196079 | 82005.07729114918 | 81584.52345115317 | 81770.81839047038 | 80307.2551650339 | 80439.05471944308 | 80438.58002368815 | 80437.11091755825 | 78571.74242080342 | 78517.12022998946 | 78462.08457822219 | 78301.79425284683 | 78140.8836009157 | 77979.35262242887 | 77817.20131738628 | 77654.62440561324 | 77491.23320411664 | 77327.22167606428 | 77162.58982145623 | 76997.33764029236 | 76831.46513257283 | 76664.97229829755 | 76497.85913746651 | 76330.12565007972 | 76109.51955619772
 | Resíduos Coleta Convencial |  | 0 | 0 | 77698.33708308398 | 78055.912038771 | 78413.486994458 | 75437.32731451798 | 75734.88354927898 | 75287.63621485558 | 75447.23765974538 | 72909.5130264543 | 73010.29507137628 | 72991.11250190155 | 72970.93552205185 | 70027.05267097882 | 69951.07370397146 | 69874.55753665659 | 69704.12519529022 | 69533.0725273681 | 69361.39953289027 | 69189.10621185668 | 69016.40598671904 | 68842.87276923144 | 68668.71922518808 | 68493.94535458903 | 68318.55115743417 | 68142.53663372363 | 67965.90178345735 | 67788.64660663532 | 67610.77110325752 | 67380.02299338451
 | Anos 3 ao 7
 | 0.1 | Recicláveis | 0 | 0 | 7769.833708308401 | 7805.5912038771 | 7841.3486994458 | 7543.732731451801 | 7573.4883549279 | 0 | 0 | 0 | 0 | 0 | 0 | 0 | 0 | 0 | 0 | 0 | 0 | 0 | 0 | 0 | 0 | 0 | 0 | 0 | 0 | 0 | 0 | 0
 | 0.7 | Rejeitos | 0 | 0 | 54388.835958158794 | 54639.1384271397 | 54889.4408961206 | 52806.12912016259 | 53014.41848449529 | 0 | 0 | 0 | 0 | 0 | 0 | 0 | 0 | 0 | 0 | 0 | 0 | 0 | 0 | 0 | 0 | 0 | 0 | 0 | 0 | 0 | 0 | 0
 | 0.2 | Orgânios | 0 | 0 | 15539.667416616801 | 15611.1824077542 | 15682.6973988916 | 15087.465462903601 | 15146.9767098558 | 0 | 0 | 0 | 0 | 0 | 0 | 0 | 0 | 0 | 0 | 0 | 0 | 0 | 0 | 0 | 0 | 0 | 0 | 0 | 0 | 0 | 0 | 0
 | Anos 8 ao 30
 | 0.1 | Recicláveis | 0 | 0 | 0 | 0 | 0 | 0 | 0 | 7528.763621485558 | 7544.723765974539 | 7290.95130264543 | 7301.029507137628 | 7299.111250190155 | 7297.093552205185 | 7002.705267097883 | 6995.107370397146 | 6987.455753665659 | 6970.412519529023 | 6953.30725273681 | 6936.139953289027 | 6918.910621185667 | 6901.640598671904 | 6884.2872769231435 | 6866.871922518807 | 6849.394535458903 | 6831.855115743417 | 6814.253663372364 | 6796.590178345735 | 6778.864660663532 | 6761.077110325752 | 6738.002299338452
 | 0.3 | Rejeitos | 0 | 0 | 0 | 0 | 0 | 0 | 0 | 22586.290864456674 | 22634.171297923614 | 21872.85390793629 | 21903.08852141288 | 21897.333750570462 | 21891.280656615552 | 21008.115801293647 | 20985.322111191435 | 20962.367260996976 | 20911.237558587065 | 20859.92175821043 | 20808.41985986708 | 20756.731863556997 | 20704.92179601571 | 20652.861830769427 | 20600.615767556417 | 20548.183606376708 | 20495.565347230247 | 20442.76099011709 | 20389.7705350372 | 20336.593981990594 | 20283.231330977254 | 20214.006898015352
 | 0.4 | Orgânios | 0 | 0 | 0 | 0 | 0 | 0 | 0 | 30115.054485942233 | 30178.895063898155 | 29163.80521058172 | 29204.11802855051 | 29196.44500076062 | 29188.37420882074 | 28010.82106839153 | 27980.429481588584 | 27949.823014662637 | 27881.65007811609 | 27813.22901094724 | 27744.55981315611 | 27675.642484742668 | 27606.562394687615 | 27537.149107692574 | 27467.487690075228 | 27397.578141835613 | 27327.420462973667 | 27257.014653489456 | 27186.36071338294 | 27115.45864265413 | 27044.30844130301 | 26952.009197353807
 | 0.2 | CDR | 0 | 0 | 0 | 0 | 0 | 0 | 0 | 15057.527242971117 | 15089.447531949078 | 14581.90260529086 | 14602.059014275255 | 14598.22250038031 | 14594.18710441037 | 14005.410534195766 | 13990.214740794292 | 13974.911507331319 | 13940.825039058045 | 13906.61450547362 | 13872.279906578055 | 13837.821242371334 | 13803.281197343807 | 13768.574553846287 | 13733.743845037614 | 13698.789070917806 | 13663.710231486833 | 13628.507326744728 | 13593.18035669147 | 13557.729321327064 | 13522.154220651504 | 13476.004598676904
 | Reíduos Coleta Seletiva |  |  |  | 4695.9246941472 | 4718.3172386100005 | 4740.709783072801 | 6243.5002474428 | 6270.1937418702 | 6296.8872362976 | 6323.580730725 | 7397.7421385796015 | 7428.759648066802 | 7447.4675217866015 | 7466.175395506401 | 8544.689749824602 | 8566.046526018 | 8587.527041565601 | 8597.669057556599 | 8607.8110735476 | 8617.953089538601 | 8628.095105529601 | 8638.218418894201 | 8648.360434885199 | 8658.5024508762 | 8668.6444668672 | 8678.7864828582 | 8688.9284988492 | 8699.070514840201 | 8709.212530831199 | 8719.3545468222 | 8729.496562813198
 | 0.8 | Recicláveis | 0 | 0 | 3756.7397553177602 | 3774.6537908880005 | 3792.5678264582407 | 4994.8001979542405 | 5016.15499349616 | 5037.50978903808 | 5058.86458458 | 5918.193710863681 | 5943.007718453441 | 5957.974017429281 | 5972.940316405121 | 6835.751799859681 | 6852.837220814401 | 6870.0216332524815 | 6878.13524604528 | 6886.24885883808 | 6894.3624716308805 | 6902.476084423681 | 6910.574735115361 | 6918.688347908159 | 6926.80196070096 | 6934.915573493759 | 6943.029186286561 | 6951.14279907936 | 6959.25641187216 | 6967.37002466496 | 6975.483637457761 | 6983.597250250558
 | 0.2 | Rejeitos | 0 | 0 | 939.1849388294401 | 943.6634477220001 | 948.1419566145602 | 1248.7000494885601 | 1254.03874837404 | 1259.37744725952 | 1264.716146145 | 1479.5484277159203 | 1485.7519296133603 | 1489.4935043573203 | 1493.2350791012802 | 1708.9379499649203 | 1713.2093052036003 | 1717.5054083131204 | 1719.53381151132 | 1721.56221470952 | 1723.5906179077201 | 1725.6190211059202 | 1727.6436837788403 | 1729.6720869770397 | 1731.70049017524 | 1733.7288933734399 | 1735.7572965716402 | 1737.78569976984 | 1739.81410296804 | 1741.84250616624 | 1743.8709093644402 | 1745.8993125626396
 | Total |  | 86640.0629154144 | 86539.92234426341 | 82394.26177723118 | 82774.229277381 | 83154.1967775308 | 81680.82756196079 | 82005.07729114918 | 81584.52345115317 | 81770.81839047038 | 80307.2551650339 | 80439.05471944308 | 80438.58002368815 | 80437.11091755825 | 78571.74242080342 | 78517.12022998946 | 78462.08457822219 | 78301.79425284683 | 78140.8836009157 | 77979.35262242887 | 77817.20131738628 | 77654.62440561324 | 77491.23320411664 | 77327.22167606428 | 77162.58982145623 | 76997.33764029236 | 76831.46513257283 | 76664.97229829755 | 76497.85913746651 | 76330.12565007972 | 76109.51955619772
 | Distribuição dos Resíduos - por Destinação Final (t/ano)
 |  |  | 1 | 2 | 3 | 4 | 5 | 6 | 7 | 8 | 9 | 10 | 11 | 12 | 13 | 14 | 15 | 16 | 17 | 18 | 19 | 20 | 21 | 22 | 23 | 24 | 25 | 26 | 27 | 28 | 29 | 30
 | Aterro Sanitário de Uberlândia |  | 82060.2274311018 | 82101.7365608658 | 0 | 0 | 0 | 0 | 0 | 0 | 0 | 0 | 0 | 0 | 0 | 0 | 0 | 0 | 0 | 0 | 0 | 0 | 0 | 0 | 0 | 0 | 0 | 0 | 0 | 0 | 0 | 0
 | Aterro Sanitário de Bambuí |  | 4579.8354843126 | 4438.1857833976 | 59989.921121973275 | 60266.15659718795
 | Novo Aterro Sanitário CISPAR |  | 0 | 0 | 0 | 0 | 60542.39207240264 | 58581.068808522235 | 58812.550245826074 | 32880.18465749887 | 32952.55596323806 | 32101.543898826727 | 32150.075859591394 | 32145.76075515597 | 32141.027998363053 | 31120.300071776026 | 31092.660260871613 | 31064.81957370889 | 30995.26639353321 | 30925.45267620412 | 30855.378421721634 | 30785.043630085718 | 30714.534198200836 | 30643.67865005424 | 30572.562564754226 | 30501.185942300835 | 30429.548782693986 | 30357.65108593377 | 30285.492852020125 | 30213.074080953073 | 30140.394772732598 | 30045.508969784136
 | Total |  | 86640.0629154144 | 86539.9223442634 | 59989.921121973275 | 60266.15659718795 | 60542.39207240264 | 58581.068808522235 | 58812.550245826074 | 32880.18465749887 | 32952.55596323806 | 32101.543898826727 | 32150.075859591394 | 32145.76075515597 | 32141.027998363053 | 31120.300071776026 | 31092.660260871613 | 31064.81957370889 | 30995.26639353321 | 30925.45267620412 | 30855.378421721634 | 30785.043630085718 | 30714.534198200836 | 30643.67865005424 | 30572.562564754226 | 30501.185942300835 | 30429.548782693986 | 30357.65108593377 | 30285.492852020125 | 30213.074080953073 | 30140.394772732598 | 30045.508969784136
 | Coeficiente de Geração por ano
 |  |  | 1 | 2 | 3 | 4 | 5 | 6 | 7 | 8 | 9 | 10 | 11 | 12 | 13 | 14 | 15 | 16 | 17 | 18 | 19 | 20 | 21 | 22 | 23 | 24 | 25 | 26 | 27 | 28 | 29 | 30
 | Geração total |  | 70821.69933 | 71150.65513099999 | 71479.61093200001 | 71808.566733 | 72137.52253400002 | 72466.212598 | 72752.04951900002 | 73037.88644 | 73323.72336100001 | 73609.560282 | 73894.872302 | 74060.079649 | 74225.286996 | 74390.494343 | 74555.70169000002 | 74721.693728 | 74788.09699099998 | 74854.50025399998 | 74920.903517 | 74987.30678000001 | 75053.91411900001 | 75120.31738199998 | 75186.72064499998 | 75253.123908 | 75319.527171 | 75385.930434 | 75452.333697 | 75518.73696 | 75585.14022299998 | 75651.543486
 | Consumo de água total |  | 15319526.844905471 | 15389496.824053632 | 15459466.803201793 | 15529436.782349955 | 15599406.761498114 | 15669358.187696127 | 15729664.155035082 | 15789970.122374037 | 15850276.089712994 | 15910582.057051951 | 15970854.239900773 | 16005211.602199193 | 16039568.964497613 | 16073926.326796032 | 16108283.68909445 | 16142871.489447875 | 16155826.271367189 | 16168781.053286506 | 16181735.835205821 | 16194690.617125131 | 16207602.976648573 | 16220557.758567888 | 16233512.540487202 | 16246467.322406515 | 16259422.10432583 | 16272376.886245146 | 16285331.66816446 | 16298286.450083774 | 16311241.232003089 | 16324196.013922404
 | Coeficiente de Geração |  | 4.622969106487244 | 4.62332563205005 | 4.623678930323519 | 4.624029044930613 | 4.624376018711636 | 4.624708410514339 | 4.625149577380647 | 4.625587374386917 | 4.626021839997344 | 4.626453012092948 | 4.626857849430796 | 4.627247767147533 | 4.627636014427328 | 4.628022601981654 | 4.628407540430601 | 4.628773373859997 | 4.629171899647509 | 4.629569786819822 | 4.629967036910726 | 4.630363651449101 | 4.630784344059725 | 4.631179673357444 | 4.631574371688228 | 4.631968440561458 | 4.632361881481703 | 4.632754695948744 | 4.633146885457588 | 4.63353845149849 | 4.633929395556969 | 4.634319719113831
 | Média Total | 4.628595810923484
 | Média anos 1 e 2 | 4.623147369268647
 | Média anos 1 a 4 | 4.623500678447856
[203 linhas]
