 | Demonstrativo de Receitas
 |  |  |  | 1 | 2 | 3 | 4 | 5 | 6 | 7 | 8 | 9 | 10 | 11 | 12 | 13 | 14 | 15 | 16 | 17 | 18 | 19 | 20 | 21 | 22 | 23 | 24 | 25 | 26 | 27 | 28 | 29 | 30
 |  | RSD
 |  | Quantidade Coletada RSD (t/ano) |  | 70821.69933 | 71150.65513099999 | 71479.61093200001 | 71808.566733 | 72137.52253400002 | 72466.212598 | 72752.04951900002 | 73037.88644 | 73323.72336100001 | 73609.560282 | 73894.872302 | 74060.079649 | 74225.286996 | 74390.494343 | 74555.70169000002 | 74721.693728 | 74788.09699099998 | 74854.50025399998 | 74920.903517 | 74987.30678000001 | 75053.91411900001 | 75120.31738199998 | 75186.72064499998 | 75253.123908 | 75319.527171 | 75385.930434 | 75452.333697 | 75518.73696 | 75585.14022299998 | 75651.543486
 |  | Quantidade Consumo água (m3/ano) |  | 15319526.844905471 | 15389496.824053632 | 15459466.803201793 | 15529436.782349955 | 15599406.761498114 | 15669358.187696127 | 15729664.155035082 | 15789970.122374037 | 15850276.089712994 | 15910582.057051951 | 15970854.239900773 | 16005211.602199193 | 16039568.964497613 | 16073926.326796032 | 16108283.68909445 | 16142871.489447875 | 16155826.271367189 | 16168781.053286506 | 16181735.835205821 | 16194690.617125131 | 16207602.976648573 | 16220557.758567888 | 16233512.540487202 | 16246467.322406515 | 16259422.10432583 | 16272376.886245146 | 16285331.66816446 | 16298286.450083774 | 16311241.232003089 | 16324196.013922404
 |  | Tarifa-Base Referencial (R$/m3 ) |  | 2.855879456931295 | 2.855879456931295 | 2.855879456931295 | 2.855879456931295 | 2.855879456931295 | 2.855879456931295 | 2.855879456931295 | 2.855879456931295 | 2.855879456931295 | 2.855879456931295 | 2.855879456931295 | 2.855879456931295 | 2.855879456931295 | 2.855879456931295 | 2.855879456931295 | 2.855879456931295 | 2.855879456931295 | 2.855879456931295 | 2.855879456931295 | 2.855879456931295 | 2.855879456931295 | 2.855879456931295 | 2.855879456931295 | 2.855879456931295 | 2.855879456931295 | 2.855879456931295 | 2.855879456931295 | 2.855879456931295 | 2.855879456931295 | 2.855879456931295
 |  | Arapuá |  | 537096.6923275805 | 534047.316708764 | 530997.9410899472 | 527948.5654711307 | 524899.1898523138 | 521849.81423349713 | 517987.2717829961 | 514124.7293324949 | 510262.1868819937 | 506399.64443149255 | 502943.6853968336 | 498471.2678225691 | 493998.8502483046 | 489526.4326740402 | 485054.0150997757 | 480784.8892334323 | 476109.1799512467 | 471433.4706690611 | 466757.7613868755 | 462082.0521046899 | 456999.7594066621 | 452324.0501244765 | 447648.34084229096 | 442972.63156010536 | 438296.9222779197 | 433621.21299573407 | 428945.5037135486 | 424269.79443136294 | 419594.0851491773 | 414918.3758669918
 |  | Social |  | 76134.33624997048 | 75702.08225914932 | 75269.82826832813 | 74837.57427750697 | 74405.32028668576 | 73973.0662958646 | 73425.54457415776 | 72878.02285245094 | 72330.5011307441 | 71782.97940903727 | 71293.09155277327 | 70659.1190329022 | 70025.14651303114 | 69391.17399316009 | 68757.20147328901 | 68152.04588613936 | 67489.25643354689 | 66826.46698095441 | 66163.67752836194 | 65500.888075769464 | 64780.46475773416 | 64117.67530514169 | 63454.88585254921 | 62792.09639995673 | 62129.30694736426 | 61466.51749477178 | 60803.728042179304 | 60140.93858958683 | 59478.14913699436 | 58815.35968440188
 |  | Residencial (Fixa) |  | 14860.099889177425 | 14775.731418951214 | 14691.362948724998 | 14606.994478498782 | 14522.626008272564 | 14438.257538046351 | 14331.390809093144 | 14224.524080139938 | 14117.65735118673 | 14010.790622233524 | 13915.173022643814 | 13791.432599645364 | 13667.692176646913 | 13543.951753648467 | 13420.211330650018 | 13302.095472333314 | 13172.730484653117 | 13043.365496972921 | 12914.000509292722 | 12784.635521612527 | 12644.021404568834 | 12514.656416888638 | 12385.29142920844 | 12255.926441528241 | 12126.561453848046 | 11997.196466167848 | 11867.831478487651 | 11738.466490807454 | 11609.101503127258 | 11479.736515447059
 |  | Residencial (0 a 5 m³) |  | 64955.89689764691 | 64587.1086866459 | 64218.32047564487 | 63849.532264643865 | 63480.744053642826 | 63111.95584264181 | 62644.82410870717 | 62177.69237477255 | 61710.560640837924 | 61243.42890690329 | 60825.46893443547 | 60284.57955830063 | 59743.690182165796 | 59202.80080603096 | 58661.91142989612 | 58145.6079344947 | 57580.13267762646 | 57014.65742075822 | 56449.182163889986 | 55883.70690702175 | 55269.05988868671 | 54703.58463181848 | 54138.10937495025 | 53572.63411808201 | 53007.15886121377 | 52441.68360434554 | 51876.208347477295 | 51310.73309060906 | 50745.25783374083 | 50179.78257687259
 |  | Residencial (> 5m³ a 10m³) |  | 93398.15438861612 | 92867.88477626594 | 92337.61516391572 | 91807.34555156552 | 91277.07593921531 | 90746.8063268651 | 90075.13148455485 | 89403.4566422446 | 88731.78179993432 | 88060.10695762406 | 87459.13473029384 | 86681.40596551354 | 85903.67720073322 | 85125.94843595293 | 84348.21967117263 | 83605.84221388234 | 82792.76214161202 | 81979.68206934171 | 81166.6019970714 | 80353.52192480107 | 79469.73923755073 | 78656.65916528043 | 77843.57909301012 | 77030.4990207398 | 76217.41894846948 | 75404.33887619917 | 74591.25880392885 | 73778.17873165854 | 72965.09865938823 | 72152.01858711791
 |  | Residencial (> 10m³ a 15m³) |  | 107648.22921126331 | 107037.05455639242 | 106425.8799015215 | 105814.70524665061 | 105203.53059177968 | 104592.35593690876 | 103818.20137407228 | 103044.04681123579 | 102269.89224839931 | 101495.7376855628 | 100803.07307670912 | 99906.68358289843 | 99010.29408908775 | 98113.90459527711 | 97217.51510146642 | 96361.87058464716 | 95424.73611384507 | 94487.60164304302 | 93550.46717224094 | 92613.33270143888 | 91594.70827665404 | 90657.57380585196 | 89720.4393350499 | 88783.30486424784 | 87846.17039344576 | 86909.03592264371 | 85971.90145184164 | 85034.76698103957 | 84097.63251023751 | 83160.49803943546
 |  | Residencial (> 15m³ a 20m³) |  | 77292.82510556089 | 76853.99377453007 | 76415.16244349926 | 75976.33111246846 | 75537.49978143763 | 75098.66845040683 | 74542.81543110112 | 73986.96241179542 | 73431.10939248971 | 72875.256373184 | 72377.91419801576 | 71734.2949125039 | 71090.67562699203 | 70447.05634148017 | 69803.4370559683 | 69189.07319252517 | 68516.19848494459 | 67843.323777364 | 67170.44906978341 | 66497.57436220284 | 65766.18881048482 | 65093.31410290424 | 64420.43939532364 | 63747.56468774306 | 63074.68998016248 | 62401.815272581895 | 61728.940565001314 | 61056.06585742073 | 60383.19114984015 | 59710.31644225957
 |  | Residencial (> 20m³ a 40m³) |  | 70379.39373882378 | 69979.813532131 | 69580.2333254382 | 69180.65311874542 | 68781.07291205262 | 68381.49270535982 | 67875.35777688229 | 67369.22284840475 | 66863.08791992722 | 66356.95299144968 | 65904.09542386452 | 65318.04445404842 | 64731.99348423232 | 64145.94251441623 | 63559.891544600134 | 63000.479255230224 | 62387.78960496794 | 61775.09995470566 | 61162.41030444338 | 60549.720654181096 | 59883.75364302645 | 59271.06399276416 | 58658.37434250189 | 58045.68469223961 | 57432.99504197732 | 56820.30539171504 | 56207.61574145276 | 55594.92609119048 | 54982.2364409282 | 54369.54679066592
 |  | Residencial (>40m³) |  | 16944.000181700303 | 16847.800332069153 | 16751.600482438 | 16655.40063280685 | 16559.200783175696 | 16463.000933544543 | 16341.147790678415 | 16219.29464781229 | 16097.441504946162 | 15975.588362080034 | 15866.561865831398 | 15725.46875303904 | 15584.375640246684 | 15443.282527454328 | 15302.189414661969 | 15167.509625178356 | 15020.003189077255 | 14872.496752976154 | 14724.990316875057 | 14577.483880773956 | 14417.150798055369 | 14269.644361954268 | 14122.137925853169 | 13974.631489752068 | 13827.125053650967 | 13679.618617549866 | 13532.112181448765 | 13384.605745347664 | 13237.099309246567 | 13089.592873145468
 |  | Comercial |  | 15483.756664821356 | 15395.847372628956 | 15307.938080436557 | 15220.028788244157 | 15132.119496051757 | 15044.210203859358 | 14932.858433748985 | 14821.50666363861 | 14710.154893528235 | 14598.803123417863 | 14499.172592266477 | 14370.238963717624 | 14241.305335168772 | 14112.371706619919 | 13983.438078071065 | 13860.365069001706 | 13725.570820973358 | 13590.776572945015 | 13455.982324916666 | 13321.18807688832 | 13174.672589900985 | 13039.878341872642 | 12905.084093844294 | 12770.289845815947 | 12635.495597787602 | 12500.701349759256 | 12365.907101730909 | 12231.112853702563 | 12096.318605674214 | 11961.524357645869
 |  | Industrial |  | 0 | 0 | 0 | 0 | 0 | 0 | 0 | 0 | 0 | 0 | 0 | 0 | 0 | 0 | 0 | 0 | 0 | 0 | 0 | 0 | 0 | 0 | 0 | 0 | 0 | 0 | 0 | 0 | 0 | 0
 |  | Pública |  | 0 | 0 | 0 | 0 | 0 | 0 | 0 | 0 | 0 | 0 | 0 | 0 | 0 | 0 | 0 | 0 | 0 | 0 | 0 | 0 | 0 | 0 | 0 | 0 | 0 | 0 | 0 | 0 | 0 | 0
 |  | Coromandel |  | 4965477.375752077 | 4968272.141855501 | 4971066.907958923 | 4973861.674062345 | 4976656.440165769 | 4979780.002281359 | 4972382.092007591 | 4964984.181733826 | 4957586.27146006 | 4950188.361186293 | 4942790.450912527 | 4928487.824383245 | 4914185.197853963 | 4899882.571324682 | 4885579.9447954 | 4870948.522253949 | 4850398.771493488 | 4829849.020733025 | 4809299.269972562 | 4788749.519212101 | 4768364.166457722 | 4747814.415697258 | 4727264.664936798 | 4706714.914176335 | 4686165.163415871 | 4665615.4126554085 | 4645065.661894945 | 4624515.911134485 | 4603966.16037402 | 4583416.409613558
 |  | Social |  | 792340.27329258 | 792786.23358413 | 793232.1938756799 | 793678.1541672297 | 794124.1144587798 | 794622.5406669826 | 793442.0575422916 | 792261.5744176006 | 791081.0912929096 | 789900.6081682186 | 788720.1250435278 | 786437.8576691251 | 784155.5902947226 | 781873.3229203202 | 779591.0555459175 | 777256.322254862 | 773977.2024640539 | 770698.0826732455 | 767418.9628824373 | 764139.8430916291 | 760886.9562591475 | 757607.836468339 | 754328.7166775309 | 751049.5968867225 | 747770.4770959142 | 744491.357305106 | 741212.2375142977 | 737933.1177234896 | 734653.9979326811 | 731374.878141873
 |  | Residencial (Fixa) |  | 90072.46090162272 | 90123.15722778242 | 90173.85355394213 | 90224.54988010183 | 90275.24620626152 | 90331.90680608706 | 90197.71064860551 | 90063.51449112393 | 89929.31833364238 | 89795.12217616083 | 89660.92601867928 | 89401.48011421491 | 89142.03420975056 | 88882.58830528622 | 88623.14240082187 | 88357.73222269167 | 87984.96511857625 | 87612.1980144608 | 87239.43091034536 | 86866.66380622992 | 86496.87883894739 | 86124.11173483194 | 85751.3446307165 | 85378.57752660106 | 85005.81042248562 | 84633.04331837018 | 84260.27621425473 | 83887.50911013929 | 83514.74200602385 | 83141.9749019084
 |  | Residencial (0 a 5 m³) |  | 596465.4228154981 | 596801.1370317562 | 597136.8512480144 | 597472.5654642726 | 597808.2796805309 | 598183.4896869372 | 597294.8344086066 | 596406.179130276 | 595517.5238519453 | 594628.8685736149 | 593740.2132952842 | 592022.146423845 | 590304.0795524059 | 588586.0126809666 | 586867.9458095275 | 585110.3831479404 | 582641.8962636887 | 580173.409379437 | 577704.9224951854 | 575236.4356109337 | 572787.6966217561 | 570319.2097375044 | 567850.7228532528 | 565382.2359690011 | 562913.7490847493 | 560445.2622004978 | 557976.7753162461 | 555508.2884319944 | 553039.8015477427 | 550571.314663491
 |  | Residencial (> 5m³ a 10m³) |  | 821210.648339483 | 821672.858014419 | 822135.0676893551 | 822597.2773642911 | 823059.4870392275 | 823576.0743229795 | 822352.5781246191 | 821129.0819262589 | 819905.5857278984 | 818682.0895295382 | 817458.5933311777 | 815093.1673476808 | 812727.7413641842 | 810362.3153806876 | 807996.8893971907 | 805577.085804878 | 802178.485253877 | 798779.884702876 | 795381.284151875 | 791982.6836008739 | 788611.271854281 | 785212.6713032798 | 781814.0707522788 | 778415.4702012778 | 775016.8696502766 | 771618.2690992757 | 768219.6685482747 | 764821.0679972738 | 761422.4674462725 | 758023.8668952715
 |  | Residencial (> 10m³ a 15m³) |  | 686584.0728357692 | 686970.509375241 | 687356.9459147129 | 687743.3824541847 | 688129.8189936565 | 688561.7186554193 | 687538.798403876 | 686515.8781523329 | 685492.9579007897 | 684470.0376492465 | 683447.1173977035 | 681469.4715780532 | 679491.8257584032 | 677514.1799387531 | 675536.534119103 | 673513.4251771622 | 670671.9800339866 | 667830.5348908112 | 664989.0897476358 | 662147.6446044603 | 659328.9310224303 | 656487.4858792548 | 653646.0407360794 | 650804.5955929039 | 647963.1504497284 | 645121.705306553 | 642280.2601633775 | 639438.8150202022 | 636597.3698770266 | 633755.9247338512
 |  | Residencial (> 15m³ a 20m³) |  | 425287.7446731912 | 425527.1133548044 | 425766.4820364176 | 426005.8507180307 | 426245.2193996439 | 426512.7491026233 | 425879.1261218825 | 425245.5031411418 | 424611.88016040105 | 423978.2571796603 | 423344.6341989196 | 422119.62976948736 | 420894.62534005527 | 419669.6209106233 | 418444.6164811911 | 417191.4510303928 | 415431.3871950018 | 413671.3233596108 | 411911.25952421984 | 410151.1956888289 | 408405.212364121 | 406645.14852873 | 404885.08469333913 | 403125.0208579481 | 401364.9570225571 | 399604.89318716613 | 397844.8293517752 | 396084.7655163842 | 394324.7016809932 | 392564.6378456023
 |  | Residencial (> 20m³ a 40m³) |  | 391426.48272013076 | 391646.79295077047 | 391867.10318141023 | 392087.4134120499 | 392307.72364268964 | 392553.9527239929 | 391970.7785840642 | 391387.60444413556 | 390804.43030420685 | 390221.25616427814 | 389638.0820243495 | 388510.6120204874 | 387383.1420166252 | 386255.67201276316 | 385128.202008901 | 383974.81315437536 | 382354.8849879069 | 380734.95682143833 | 379115.0286549697 | 377495.10048850125 | 375888.13174736436 | 374268.2035808958 | 372648.2754144273 | 371028.34724795865 | 369408.4190814901 | 367788.49091502157 | 366168.562748553 | 364548.6345820845 | 362928.70641561586 | 361308.77824914735
 |  | Residencial (>40m³) |  | 47510.524050608896 | 47537.2648435125 | 47564.00563641609 | 47590.74642931969 | 47617.487222223295 | 47647.37399076262 | 47576.58953895896 | 47505.80508715531 | 47435.02063535167 | 47364.23618354802 | 47293.451731744375 | 47156.60179159065 | 47019.75185143693 | 46882.90191128322 | 46746.05197112949 | 46606.05605534006 | 46409.4325781077 | 46212.80910087534 | 46016.18562364298 | 45819.56214641063 | 45624.51165699613 | 45427.888179763766 | 45231.264702531415 | 45034.641225299056 | 44838.0177480667 | 44641.39427083434 | 44444.77079360198 | 44248.14731636963 | 44051.52383913727 | 43854.90036190491
 |  | Comercial |  | 800208.8491602897 | 800659.2381960374 | 801109.6272317851 | 801560.0162675327 | 802010.4053032808 | 802513.7812844105 | 801321.5750133134 | 800129.3687422164 | 798937.1624711195 | 797744.9562000225 | 796552.7499289257 | 794247.8178048048 | 791942.8856806839 | 789637.9535565631 | 787333.0214324421 | 784975.1023629394 | 781663.418276559 | 778351.7341901786 | 775040.0501037979 | 771728.3660174175 | 768443.175403728 | 765131.4913173474 | 761819.8072309671 | 758508.1231445866 | 755196.439058206 | 751884.7549718255 | 748573.0708854451 | 745261.3867990647 | 741949.7027126842 | 738638.0186263036
 |  | Industrial |  | 114544.71511680297 | 114609.18539083902 | 114673.6556648751 | 114738.12593891117 | 114802.59621294726 | 114874.65122510522 | 114703.99461736267 | 114533.33800962011 | 114362.68140187756 | 114192.02479413502 | 114021.36818639247 | 113691.43207809018 | 113361.4959697879 | 113031.55986148564 | 112701.62375318336 | 112364.1029067592 | 111890.05677414099 | 111416.01064152278 | 110941.96450890457 | 110467.91837628638 | 109997.66461272912 | 109523.61848011089 | 109049.57234749268 | 108575.52621487447 | 108101.48008225625 | 107627.43394963804 | 107153.38781701983 | 106679.34168440165 | 106205.29555178342 | 105731.24941916522
 |  | Pública |  | 199826.18184610148 | 199938.65188620822 | 200051.12192631495 | 200163.59196642163 | 200276.0620065284 | 200401.76381605948 | 200104.0490040122 | 199806.33419196497 | 199508.61937991774 | 199210.90456787054 | 198913.18975582332 | 198337.60778586532 | 197762.02581590734 | 197186.4438459494 | 196610.86187599137 | 196022.04813660908 | 195195.062547589 | 194368.0769585689 | 193541.0913695488 | 192714.10578052877 | 191893.73607622084 | 191066.75048720068 | 190239.76489818067 | 189412.77930916057 | 188585.79372014047 | 187758.80813112037 | 186931.82254210027 | 186104.83695308023 | 185277.8513640601 | 184450.86577504006
 |  | Cruzeiro da Fortaleza |  | 512980.92841891095 | 513543.7160529415 | 514106.5036869722 | 514669.29132100276 | 515232.07895503344 | 516076.26040607935 | 515935.5634975717 | 515794.86658906407 | 515654.16968055646 | 515513.47277204884 | 515091.3820465257 | 513965.8067784645 | 512840.23151040333 | 511714.656242342 | 510589.0809742807 | 509604.20261472726 | 507915.8397126353 | 506227.47681054345 | 504539.11390845163 | 502850.7510063597 | 501162.3881042678 | 499474.02520217607 | 497785.66230008414 | 496097.2993979924 | 494408.9364959004 | 492720.5735938085 | 491032.21069171664 | 489343.84778962476 | 487655.48488753306 | 485967.12198544113
 |  | Social |  | 186245.34794395225 | 186449.67635639757 | 186654.00476884298 | 186858.33318128836 | 187062.6615937337 | 187369.15421240174 | 187318.07210929043 | 187266.99000617905 | 187215.90790306774 | 187164.82579995642 | 187011.57949062236 | 186602.92266573163 | 186194.2658408409 | 185785.60901595015 | 185376.95219105942 | 185019.37746928004 | 184406.39223194393 | 183793.4069946078 | 183180.42175727172 | 182567.4365199356 | 181954.45128259953 | 181341.46604526343 | 180728.4808079273 | 180115.4955705912 | 179502.5103332551 | 178889.525095919 | 178276.5398585829 | 177663.55462124682 | 177050.5693839107 | 176437.5841465746
 |  | Residencial (Fixa) |  | 9410.19985426652 | 9420.523715872956 | 9430.847577479393 | 9441.171439085829 | 9451.495300692266 | 9466.98109310192 | 9464.40012770031 | 9461.819162298701 | 9459.238196897093 | 9456.657231495483 | 9448.914335290656 | 9428.266612077783 | 9407.61888886491 | 9386.971165652038 | 9366.323442439167 | 9348.256684627904 | 9317.285099808596 | 9286.313514989288 | 9255.34193016998 | 9224.370345350671 | 9193.398760531363 | 9162.427175712055 | 9131.455590892745 | 9100.484006073437 | 9069.512421254129 | 9038.54083643482 | 9007.569251615512 | 8976.597666796204 | 8945.626081976896 | 8914.654497157588
 |  | Residencial (0 a 5 m³) |  | 41133.503548328 | 41178.630814974546 | 41223.75808162109 | 41268.885348267635 | 41314.01261491419 | 41381.70351488401 | 41370.421698222366 | 41359.13988156073 | 41347.8580648991 | 41336.576248237456 | 41302.73079825255 | 41212.47626495945 | 41122.22173166636 | 41031.96719837327 | 40941.71266508017 | 40862.73994844871 | 40727.358148509076 | 40591.97634856943 | 40456.594548629786 | 40321.212748690145 | 40185.8309487505 | 40050.449148810854 | 39915.06734887121 | 39779.68554893158 | 39644.30374899192 | 39508.92194905229 | 39373.54014911264 | 39238.158349173005 | 39102.776549233364 | 38967.394749293715
 |  | Residencial (> 5m³ a 10m³) |  | 47299.41632483766 | 47351.30816940686 | 47403.20001397608 | 47455.0918585453 | 47506.98370311451 | 47584.82146996832 | 47571.84850882602 | 47558.87554768372 | 47545.90258654142 | 47532.92962539912 | 47494.010741972204 | 47390.227052833776 | 47286.44336369535 | 47182.659674556926 | 47078.8759854185 | 46988.06525742237 | 46832.38972371475 | 46676.71419000709 | 46521.03865629946 | 46365.36312259182 | 46209.687588884175 | 46054.01205517655 | 45898.3365214689 | 45742.660987761265 | 45586.985454053625 | 45431.30992034598 | 45275.63438663834 | 45119.95885293071 | 44964.28331922307 | 44808.607785515436
 |  | Residencial (> 10m³ a 15m³) |  | 38998.55867333425 | 39041.34370753429 | 39084.12874173433 | 39126.913775934365 | 39169.6988101344 | 39233.87636143446 | 39223.18010288445 | 39212.483844334434 | 39201.787585784434 | 39191.091327234426 | 39159.002551584395 | 39073.43248318432 | 38987.86241478424 | 38902.292346384165 | 38816.722277984096 | 38741.84846813403 | 38613.49336553391 | 38485.1382629338 | 38356.78316033369 | 38228.428057733574 | 38100.07295513346 | 37971.717852533344 | 37843.36274993323 | 37715.00764733313 | 37586.65254473301 | 37458.2974421329 | 37329.94233953278 | 37201.587236932675 | 37073.23213433256 | 36944.87703173245
 |  | Residencial (> 15m³ a 20m³) |  | 28001.471059884272 | 28032.191269494673 | 28062.911479105078 | 28093.631688715486 | 28124.35189832589 | 28170.432212741496 | 28162.752160338896 | 28155.072107936292 | 28147.392055533695 | 28139.712003131095 | 28116.67184592329 | 28055.231426702478 | 27993.79100748167 | 27932.350588260855 | 27870.91016904005 | 27817.14980222184 | 27724.989173390622 | 27632.82854455941 | 27540.667915728194 | 27448.507286896973 | 27356.346658065766 | 27264.186029234545 | 27172.025400403327 | 27079.864771572116 | 26987.704142740895 | 26895.54351390968 | 26803.382885078467 | 26711.222256247253 | 26619.06162741604 | 26526.900998584824
 |  | Residencial (> 20m³ a 40m³) |  | 25496.888673669262 | 25524.86112421635 | 25552.833574763437 | 25580.806025310525 | 25608.77847585761 | 25650.737151678237 | 25643.744039041467 | 25636.750926404693 | 25629.757813767927 | 25622.764701131156 | 25601.78536322084 | 25545.840462126667 | 25489.895561032492 | 25433.95065993832 | 25378.005758844145 | 25329.053970386743 | 25245.136618745484 | 25161.219267104225 | 25077.30191546297 | 24993.384563821706 | 24909.46721218045 | 24825.54986053919 | 24741.632508897925 | 24657.71515725667 | 24573.79780561541 | 24489.88045397415 | 24405.96310233289 | 24322.045750691635 | 24238.128399050373 | 24154.211047409117
 |  | Residencial (>40m³) |  | 6138.434325289267 | 6145.168756803571 | 6151.903188317877 | 6158.637619832182 | 6165.372051346487 | 6175.473698617945 | 6173.790090739368 | 6172.106482860792 | 6170.422874982217 | 6168.7392671036405 | 6163.688443467911 | 6150.2195804393 | 6136.75071741069 | 6123.281854382079 | 6109.8129913534685 | 6098.027736203434 | 6077.8244416605185 | 6057.621147117603 | 6037.417852574687 | 6017.214558031771 | 5997.011263488856 | 5976.80796894594 | 5956.604674403023 | 5936.401379860107 | 5916.198085317192 | 5895.994790774275 | 5875.79149623136 | 5855.588201688444 | 5835.384907145529 | 5815.181612602612
 |  | Comercial |  | 77181.79314861372 | 77266.46873078446 | 77351.14431295518 | 77435.8198951259 | 77520.49547729663 | 77647.50885055271 | 77626.33995501003 | 77605.17105946735 | 77584.00216392467 | 77562.83326838199 | 77499.32658175394 | 77329.9754174125 | 77160.62425307104 | 76991.27308872962 | 76821.92192438817 | 76673.7396555894 | 76419.71290907724 | 76165.68616256506 | 75911.65941605289 | 75657.63266954072 | 75403.60592302856 | 75149.57917651639 | 74895.55243000422 | 74641.52568349204 | 74387.49893697987 | 74133.47219046773 | 73879.44544395554 | 73625.41869744337 | 73371.39195093121 | 73117.36520441905
 |  | Industrial |  | 4615.2447710205 | 4620.3081223875 | 4625.3714737545 | 4630.4348251215 | 4635.4981764885 | 4643.093203538999 | 4641.827365697249 | 4640.561527855499 | 4639.29569001375 | 4638.029852172 | 4634.23233864675 | 4624.10563591275 | 4613.97893317875 | 4603.85223044475 | 4593.72552771075 | 4584.8646628185 | 4569.6746087175 | 4554.484554616499 | 4539.2945005155 | 4524.104446414499 | 4508.9143923135 | 4493.7243382125 | 4478.534284111499 | 4463.3442300105 | 4448.154175909499 | 4432.9641218085 | 4417.774067707499 | 4402.5840136065 | 4387.3939595055 | 4372.2039054045
 |  | Pública |  | 48460.070095715244 | 48513.23528506874 | 48566.40047442225 | 48619.56566377575 | 48672.73085312925 | 48752.4786371595 | 48739.18733982112 | 48725.896042482746 | 48712.604745144374 | 48699.313447806 | 48659.439555790865 | 48553.109177083876 | 48446.77879837687 | 48340.44841966987 | 48234.11804096287 | 48141.07895959424 | 47981.58339153374 | 47822.087823473244 | 47662.59225541275 | 47503.09668735224 | 47343.60111929174 | 47184.105551231245 | 47024.60998317075 | 46865.11441511025 | 46705.61884704974 | 46546.123278989246 | 46386.62771092874 | 46227.13214286825 | 46067.636574807744 | 45908.141006747246
 |  | Guimarânia |  | 1053630.7491926136 | 1063387.6649606852 | 1073144.5807287572 | 1082901.4964968287 | 1092658.4122649007 | 1102299.1742738287 | 1110778.3986913196 | 1119257.6231088107 | 1127736.8475263016 | 1136216.071943793 | 1144579.14260214 | 1151316.0606324754 | 1158052.9786628108 | 1164789.896693146 | 1171526.8147234814 | 1178496.0402721039 | 1183374.49815614 | 1188252.9560401759 | 1193131.4139242119 | 1198009.8718082479 | 1202656.022173996 | 1207534.480058032 | 1212412.9379420679 | 1217291.395826104 | 1222169.8537101399 | 1227048.3115941756 | 1231926.7694782114 | 1236805.2273622474 | 1241683.6852462832 | 1246562.1431303192
 |  | Social |  | 343616.62703883514 | 346798.613222416 | 349980.5994059969 | 353162.58558957773 | 356344.5717731586 | 359488.6771688398 | 362253.97468552314 | 365019.2722022065 | 367784.56971888983 | 370549.8672355733 | 373277.2839643569 | 375474.36966254364 | 377671.45536073047 | 379868.5410589173 | 382065.62675710407 | 384338.47403109045 | 385929.4671228809 | 387520.4602146713 | 389111.45330646174 | 390702.4463982522 | 392217.677914243 | 393808.6710060335 | 395399.66409782396 | 396990.65718961443 | 398581.6502814048 | 400172.64337319526 | 401763.6364649857 | 403354.6295567762 | 404945.62264856655 | 406536.615740357
 |  | Residencial (Fixa) |  | 19530.461935321935 | 19711.31948163073 | 19892.17702793952 | 20073.03457424831 | 20253.892120557102 | 20432.596600838406 | 20589.770420844856 | 20746.944240851306 | 20904.118060857756 | 21061.291880864206 | 21216.31263484317 | 21341.19046443733 | 21466.0682940315 | 21590.94612362566 | 21715.823953219828 | 21845.007914868966 | 21935.43668802336 | 22025.865461177757 | 22116.294234332152 | 22206.723007486547 | 22292.845648585968 | 22383.27442174037 | 22473.70319489476 | 22564.131968049154 | 22654.56074120355 | 22744.98951435795 | 22835.418287512344 | 22925.84706066674 | 23016.27583382114 | 23106.70460697553
 |  | Residencial (0 a 5 m³) |  | 85370.80378296254 | 86161.3613309472 | 86951.91887893187 | 87742.4764269165 | 88533.03397490119 | 89314.18012350508 | 90001.21227830126 | 90688.24443309745 | 91375.27658789365 | 92062.30874268986 | 92739.92949810528 | 93285.7906621899 | 93831.65182627455 | 94377.51299035922 | 94923.37415444385 | 95488.05811729004 | 95883.33689128236 | 96278.61566527469 | 96673.89443926704 | 97069.17321325936 | 97445.62918849014 | 97840.9079624825 | 98236.18673647479 | 98631.46551046714 | 99026.74428445946 | 99422.0230584518 | 99817.30183244412 | 100212.58060643647 | 100607.8593804288 | 101003.13815442112
 |  | Residencial (> 5m³ a 10m³) |  | 98167.88850412691 | 99076.95063998256 | 99986.01277583822 | 100895.07491169387 | 101804.13704754955 | 102702.3770151212 | 103492.3952998529 | 104282.4135845846 | 105072.43186931628 | 105862.450154048 | 106641.6462704957 | 107269.33203096747 | 107897.01779143924 | 108524.70355191098 | 109152.38931238276 | 109801.7194094225 | 110256.25047735035 | 110710.78154527818 | 111165.312613206 | 111619.84368113383 | 112052.73041249366 | 112507.26148042148 | 112961.79254834932 | 113416.32361627714 | 113870.85468420497 | 114325.38575213279 | 114779.91682006062 | 115234.44788798847 | 115688.97895591629 | 116143.51002384412
 |  | Residencial (> 10m³ a 15m³) |  | 82046.39427665621 | 82806.16686173384 | 83565.93944681146 | 84325.71203188908 | 85085.48461696671 | 85836.21229031723 | 86496.49084639658 | 87156.76940247594 | 87817.0479585553 | 88477.32651463468 | 89128.56015898692 | 89653.16503915956 | 90177.76991933222 | 90702.37479950485 | 91226.97967967749 | 91769.67438330436 | 92149.56067584318 | 92529.446968382 | 92909.3332609208 | 93289.21955345961 | 93651.0160225442 | 94030.90231508302 | 94410.78860762181 | 94790.67490016064 | 95170.56119269946 | 95550.44748523826 | 95930.33377777708 | 96310.22007031587 | 96690.1063628547 | 97069.99265539351
 |  | Residencial (> 15m³ a 20m³) |  | 58910.37548719801 | 59455.90205989393 | 60001.42863258984 | 60546.95520528575 | 61092.48177798166 | 61631.51398671691 | 62105.6025558455 | 62579.69112497409 | 63053.779694102675 | 63527.86826323128 | 63995.4624683992 | 64372.135578117806 | 64748.80868783641 | 65125.481797555025 | 65502.15490727363 | 65891.81674491357 | 66164.58003126153 | 66437.34331760948 | 66710.10660395744 | 66982.8698903054 | 67242.64444873203 | 67515.40773507998 | 67788.17102142793 | 68060.9343077759 | 68333.69759412385 | 68606.4608804718 | 68879.22416681975 | 69151.98745316772 | 69424.75073951569 | 69697.51402586364
 |  | Residencial (> 20m³ a 40m³) |  | 53641.156291713414 | 54137.888419208066 | 54634.62054670271 | 55131.35267419735 | 55628.084801692 | 56118.90345147838 | 56550.58732418205 | 56982.27119688573 | 57413.95506958941 | 57845.63894229309 | 58271.409337288496 | 58614.39104436813 | 58957.37275144778 | 59300.35445852741 | 59643.33616560704 | 59998.14482810322 | 60246.51089185054 | 60494.87695559787 | 60743.24301934519 | 60991.60908309251 | 61228.148191423286 | 61476.514255170616 | 61724.88031891794 | 61973.24638266527 | 62221.61244641258 | 62469.978510159905 | 62718.344573907234 | 62966.71063765455 | 63215.07670140188 | 63463.4427651492
 |  | Residencial (>40m³) |  | 12914.231192816133 | 13033.820589817185 | 13153.40998681824 | 13272.999383819293 | 13392.588780820346 | 13510.75449452377 | 13614.683375250872 | 13718.61225597798 | 13822.541136705084 | 13926.470017432192 | 14028.975214861666 | 14111.548846124295 | 14194.12247738693 | 14276.696108649561 | 14359.269739912193 | 14444.69073777009 | 14504.485436270616 | 14564.280134771143 | 14624.074833271668 | 14683.869531772196 | 14740.81686367746 | 14800.611562177988 | 14860.406260678514 | 14920.20095917904 | 14979.995657679567 | 15039.790356180092 | 15099.58505468062 | 15159.379753181147 | 15219.174451681673 | 15278.969150182198
 |  | Comercial |  | 194380.45192570664 | 196180.46933963668 | 197980.48675356674 | 199780.50416749675 | 201580.5215814268 | 203359.1102166196 | 204923.41106443972 | 206487.71191225987 | 208052.01276008 | 209616.3136079002 | 211159.18567698306 | 212402.05484374426 | 213644.9240105055 | 214887.79317726666 | 216130.66234402792 | 217416.38906826364 | 218316.3977752287 | 219216.40648219368 | 220116.41518915872 | 221016.4238961237 | 221873.5750456142 | 222773.58375257926 | 223673.59245954422 | 224573.60116650927 | 225473.60987347428 | 226373.61858043927 | 227273.62728740432 | 228173.63599436937 | 229073.6447013344 | 229973.6534082994
 |  | Industrial |  | 10384.648883439933 | 10480.813639939654 | 10576.978396439372 | 10673.143152939092 | 10769.30790943881 | 10864.327847408773 | 10947.899600081146 | 11031.471352753522 | 11115.043105425897 | 11198.614858098274 | 11281.041792240889 | 11347.441266966885 | 11413.840741692882 | 11480.240216418879 | 11546.639691144876 | 11615.32880293039 | 11663.41118118025 | 11711.49355943011 | 11759.575937679967 | 11807.658315929828 | 11853.45105712017 | 11901.533435370031 | 11949.61581361989 | 11997.698191869751 | 12045.78057011961 | 12093.862948369468 | 12141.945326619329 | 12190.027704869188 | 12238.110083119049 | 12286.19246136891
 |  | Pública |  | 94667.7098738365 | 95544.35937547937 | 96421.0088771222 | 97297.65837876503 | 98174.30788040788 | 99040.52107845976 | 99802.37124060174 | 100564.22140274376 | 101326.07156488573 | 102087.92172702776 | 102839.33558557875 | 103444.64119385596 | 104049.94680213317 | 104655.25241041036 | 105260.55801868756 | 105886.73623414674 | 106325.06098496818 | 106763.3857357896 | 107201.71048661102 | 107640.03523743246 | 108057.48738107189 | 108495.81213189331 | 108934.13688271472 | 109372.46163353616 | 109810.78638435759 | 110249.111135179 | 110687.43588600044 | 111125.76063682187 | 111564.08538764328 | 112002.41013846471
 |  | Lagoa Formosa |  | 4117281.761736498 | 4134944.47243336 | 4152607.18313022 | 4170269.893827081 | 4187932.604523943 | 4205387.518624369 | 4215569.551849619 | 4225751.585074868 | 4235933.618300117 | 4246115.651525367 | 4256713.277943483 | 4260661.413275722 | 4264609.548607962 | 4268557.683940201 | 4272505.819272442 | 4276869.547797548 | 4274375.988640344 | 4271882.42948314 | 4269388.870325936 | 4266895.311168733 | 4264401.752011528 | 4261908.192854325 | 4259414.633697121 | 4256921.074539917 | 4254427.515382713 | 4251933.956225509 | 4249440.397068305 | 4246946.837911101 | 4244453.278753897 | 4241959.719596694
 |  | Social |  | 550860.8031491439 | 553223.9387233682 | 555587.0742975923 | 557950.2098718166 | 560313.3454460407 | 562648.6794252739 | 564010.9575798268 | 565373.2357343794 | 566735.5138889322 | 568097.7920434849 | 569515.6733880194 | 570043.903692846 | 570572.1339976726 | 571100.3643024991 | 571628.5946073257 | 572212.428102134 | 571878.8089622435 | 571545.1898223531 | 571211.5706824627 | 570877.9515425722 | 570544.3324026817 | 570210.7132627913 | 569877.0941229007 | 569543.4749830103 | 569209.8558431199 | 568876.2367032294 | 568542.6175633388 | 568208.9984234484 | 567875.3792835579 | 567541.7601436675
 |  | Residencial (Fixa) |  | 96155.85114053586 | 96568.34974490377 | 96980.84834927166 | 97393.34695363957 | 97805.84555800747 | 98213.49123761812 | 98451.28455072429 | 98689.0778638305 | 98926.87117693668 | 99164.6644900429 | 99412.16365266363 | 99504.36922305175 | 99596.57479343987 | 99688.78036382799 | 99780.9859342161 | 99882.89735411876 | 99824.66225703152 | 99766.42715994429 | 99708.19206285707 | 99649.95696576984 | 99591.72186868261 | 99533.48677159537 | 99475.25167450814 | 99417.01657742092 | 99358.78148033367 | 99300.54638324644 | 99242.31128615921 | 99184.07618907197 | 99125.84109198472 | 99067.6059948975
 |  | Residencial (0 a 5 m³) |  | 420312.75693772413 | 422115.8549663759 | 423918.9529950277 | 425722.0510236795 | 427525.14905233134 | 429307.03416299896 | 430346.4671442217 | 431385.9001254446 | 432425.3331066673 | 433464.76608789014 | 434546.62490508123 | 434949.67034677987 | 435352.7157884785 | 435755.76123017713 | 436158.8066718758 | 436604.2779495426 | 436349.722933733 | 436095.1679179233 | 435840.61290211364 | 435586.05788630404 | 435331.5028704944 | 435076.9478546848 | 434822.39283887506 | 434567.83782306535 | 434313.2828072557 | 434058.727791446 | 433804.1727756364 | 433549.6177598267 | 433295.062744017 | 433040.50772820733
 |  | Residencial (> 5m³ a 10m³) |  | 483317.6452786216 | 485391.0277278334 | 487464.4101770452 | 489537.79262625694 | 491611.17507546884 | 493660.164789984 | 494855.4087901179 | 496050.6527902517 | 497245.89679038565 | 498441.14079051954 | 499685.1702600465 | 500148.6322192821 | 500612.0941785177 | 501075.55613775324 | 501539.01809698885 | 502051.26552561764 | 501758.5527092583 | 501465.83989289904 | 501173.12707653973 | 500880.4142601805 | 500587.7014438211 | 500294.98862746183 | 500002.2758111025 | 499709.5629947432 | 499416.8501783838 | 499124.1373620246 | 498831.42454566516 | 498538.7117293059 | 498245.99891294655 | 497953.28609658737
 |  | Residencial (> 10m³ a 15m³) |  | 518260.38103302947 | 520483.6641857401 | 522706.9473384507 | 524930.2304911612 | 527153.5136438719 | 529350.6405241976 | 530632.2978710544 | 531913.9552179109 | 533195.6125647677 | 534477.2699116244 | 535811.2398032508 | 536308.2089785625 | 536805.1781538742 | 537302.1473291861 | 537799.116504498 | 538348.3982245793 | 538034.5229559613 | 537720.6476873434 | 537406.7724187254 | 537092.8971501074 | 536779.0218814894 | 536465.1466128716 | 536151.2713442536 | 535837.3960756356 | 535523.5208070177 | 535209.6455383997 | 534895.7702697817 | 534581.8950011638 | 534268.0197325457 | 533954.1444639277
 |  | Residencial (> 15m³ a 20m³) |  | 372117.6770285043 | 373714.0231750382 | 375310.3693215721 | 376906.71546810603 | 378503.06161464 | 380080.62721827347 | 381000.87382039306 | 381921.1204225126 | 382841.36702463217 | 383761.61362675164 | 384719.421314672 | 385076.2516297796 | 385433.0819448872 | 385789.9122599948 | 386146.74257510237 | 386541.1339760107 | 386315.7674612059 | 386090.4009464012 | 385865.03443159634 | 385639.6679167916 | 385414.30140198686 | 385188.9348871821 | 384963.56837237725 | 384738.2018575724 | 384512.8353427677 | 384287.4688279629 | 384062.10231315804 | 383836.7357983533 | 383611.36928354844 | 383386.0027687437
 |  | Residencial (> 20m³ a 40m³) |  | 338833.7335709748 | 340287.2950605041 | 341740.8565500333 | 343194.41803956265 | 344647.9795290919 | 346084.44029521494 | 346922.3757421201 | 347760.3111890251 | 348598.24663593026 | 349436.18208283535 | 350308.3189765529 | 350633.2327212712 | 350958.1464659895 | 351283.06021070783 | 351607.9739554262 | 351967.0891469569 | 351761.8804660822 | 351556.67178520747 | 351351.46310433274 | 351146.254423458 | 350941.0457425833 | 350735.8370617086 | 350530.6283808339 | 350325.4196999591 | 350120.2110190845 | 349915.0023382097 | 349709.793657335 | 349504.5849764603 | 349299.37629558553 | 349094.1676147108
 |  | Residencial (>40m³) |  | 81574.99714331496 | 81924.94539996087 | 82274.89365660676 | 82624.84191325266 | 82974.79016989857 | 83320.62138823097 | 83522.35626559156 | 83724.09114295211 | 83925.82602031268 | 84127.56089767326 | 84337.5298516608 | 84415.75357961695 | 84493.97730757309 | 84572.20103552922 | 84650.42476348538 | 84736.88256806847 | 84687.47810830669 | 84638.07364854493 | 84588.66918878315 | 84539.2647290214 | 84489.8602692596 | 84440.45580949784 | 84391.05134973607 | 84341.64688997429 | 84292.24243021253 | 84242.83797045074 | 84193.43351068896 | 84144.0290509272 | 84094.62459116541 | 84045.22013140364
 |  | Comercial |  | 178765.83468311437 | 179532.72152817674 | 180299.60837323905 | 181066.49521830134 | 181833.38206336365 | 182591.2467102488 | 183033.33442093173 | 183475.42213161473 | 183917.5098422977 | 184359.5975529807 | 184819.72966001809 | 184991.15142538497 | 185162.57319075183 | 185333.9949561187 | 185505.41672148558 | 185694.88288320682 | 185586.61650508037 | 185478.35012695397 | 185370.0837488275 | 185261.81737070112 | 185153.55099257466 | 185045.2846144482 | 184937.01823632178 | 184828.75185819532 | 184720.48548006886 | 184612.2191019424 | 184503.95272381598 | 184395.68634568952 | 184287.41996756307 | 184179.1535894366
 |  | Industrial |  | 0 | 0 | 0 | 0 | 0 | 0 | 0 | 0 | 0 | 0 | 0 | 0 | 0 | 0 | 0 | 0 | 0 | 0 | 0 | 0 | 0 | 0 | 0 | 0 | 0 | 0 | 0 | 0 | 0 | 0
 |  | Pública |  | 1077082.0817715349 | 1081702.651921458 | 1086323.2220713813 | 1090943.792221305 | 1095564.3623712282 | 1100130.5728723288 | 1102794.1956646375 | 1105457.8184569462 | 1108121.4412492549 | 1110785.0640415638 | 1113557.4061315176 | 1114590.2394591477 | 1115623.0727867775 | 1116655.9061144073 | 1117688.7394420374 | 1118830.2920673126 | 1118177.9762814408 | 1117525.6604955695 | 1116873.3447096979 | 1116221.0289238265 | 1115568.713137955 | 1114916.3973520834 | 1114264.081566212 | 1113611.7657803404 | 1112959.449994469 | 1112307.1342085972 | 1111654.8184227257 | 1111002.5026368543 | 1110350.1868509827 | 1109697.8710651111
 |  | Patos de Minas |  | 35674761.84929654 | 35866519.382836476 | 36058276.91637642 | 36250034.44991635 | 36441791.983456306 | 36633342.6588155 | 36825513.90871692 | 37017685.158618316 | 37209856.40851972 | 37402027.65842113 | 37593785.191961065 | 37723071.554919496 | 37852357.91787792 | 37981644.28083635 | 38110930.64379477 | 38240010.14857247 | 38317995.682709 | 38395981.21684552 | 38473966.75098204 | 38551952.28511855 | 38629730.96107435 | 38707716.49521088 | 38785702.029347405 | 38863687.56348393 | 38941673.09762044 | 39019658.63175697 | 39097644.165893495 | 39175629.70003001 | 39253615.23416653 | 39331600.76830307
 |  | Social |  | 2403671.2128745313 | 2416591.3289265707 | 2429511.4449786097 | 2442431.561030649 | 2455351.677082688 | 2468257.8555769585 | 2481205.8467445364 | 2494153.837912114 | 2507101.8290796913 | 2520049.820247269 | 2532969.936299308 | 2541680.9099050523 | 2550391.883510796 | 2559102.85711654 | 2567813.8307222836 | 2576510.866770258 | 2581765.3260492426 | 2587019.785328228 | 2592274.2446072125 | 2597528.7038861965 | 2602769.2256074124 | 2608023.684886397 | 2613278.144165382 | 2618532.6034443667 | 2623787.062723351 | 2629041.522002336 | 2634295.9812813206 | 2639550.440560305 | 2644804.89983929 | 2650059.3591182744
 |  | Residencial (Fixa) |  | 781171.1425405993 | 785370.0619951693 | 789568.9814497391 | 793767.9009043091 | 797966.820358879 | 802161.2102347494 | 806369.1888467186 | 810577.1674586878 | 814785.1460706572 | 818993.1246826263 | 823192.0441371963 | 826023.030824474 | 828854.0175117513 | 831685.0041990287 | 834515.9908863063 | 837342.4479948841 | 839050.0991646498 | 840757.7503344156 | 842465.4015041814 | 844173.0526739471 | 845876.1742650133 | 847583.8254347789 | 849291.4766045449 | 850999.1277743108 | 852706.7789440764 | 854414.4301138424 | 856122.081283608 | 857829.7324533737 | 859537.3836231396 | 861245.0347929053
 |  | Residencial (0 a 5 m³) |  | 5172963.75787541 | 5200769.262940645 | 5228574.768005881 | 5256380.273071116 | 5284185.778136351 | 5311961.288050492 | 5339826.783417919 | 5367692.278785343 | 5395557.77415277 | 5423423.269520195 | 5451228.7745854305 | 5469975.744019921 | 5488722.71345441 | 5507469.682888901 | 5526216.652323389 | 5544933.626606785 | 5556241.798569669 | 5567549.970532554 | 5578858.1424954375 | 5590166.314458322 | 5601444.491270112 | 5612752.663232995 | 5624060.835195881 | 5635369.007158765 | 5646677.179121648 | 5657985.351084534 | 5669293.523047417 | 5680601.695010301 | 5691909.866973187 | 5703218.03893607
 |  | Residencial (> 5m³ a 10m³) |  | 7122110.95387428 | 7160393.435923692 | 7198675.917973101 | 7236958.400022513 | 7275240.882071925 | 7313482.066945447 | 7351847.1433466375 | 7390212.219747827 | 7428577.296149017 | 7466942.372550206 | 7505224.854599617 | 7531035.589530451 | 7556846.324461282 | 7582657.059392115 | 7608467.794322949 | 7634237.232077892 | 7649806.26738817 | 7665375.30269845 | 7680944.338008728 | 7696513.373319006 | 7712041.111453395 | 7727610.146763672 | 7743179.182073953 | 7758748.21738423 | 7774317.252694508 | 7789886.288004787 | 7805455.323315064 | 7821024.358625344 | 7836593.393935621 | 7852162.4292459
 |  | Residencial (> 10m³ a 15m³) |  | 5743298.99575523 | 5774170.143668167 | 5805041.291581104 | 5835912.439494041 | 5866783.587406978 | 5897621.433110732 | 5928559.185442036 | 5959496.9377733385 | 5990434.690104641 | 6021372.442435944 | 6052243.590348882 | 6073057.471088457 | 6093871.351828031 | 6114685.232567606 | 6135499.11330718 | 6156279.691837572 | 6168834.624699683 | 6181389.557561795 | 6193944.490423906 | 6206499.423286016 | 6219021.053938944 | 6231575.986801055 | 6244130.919663168 | 6256685.852525279 | 6269240.78538739 | 6281795.718249502 | 6294350.651111613 | 6306905.5839737225 | 6319460.516835836 | 6332015.449697947
 |  | Residencial (> 15m³ a 20m³) |  | 3557546.371269822 | 3576668.7502920143 | 3595791.129314205 | 3614913.5083363964 | 3634035.8873585886 | 3653137.6381401946 | 3672301.273643556 | 3691464.909146917 | 3710628.544650278 | 3729792.1801536386 | 3748914.5591758303 | 3761807.2095413855 | 3774699.8599069407 | 3787592.5102724954 | 3800485.1606380506 | 3813357.182763021 | 3821134.0294635245 | 3828910.8761640275 | 3836687.72286453 | 3844464.5695650317 | 3852220.788024951 | 3859997.6347254533 | 3867774.4814259573 | 3875551.32812646 | 3883328.174826962 | 3891105.0215274654 | 3898881.8682279685 | 3906658.7149284706 | 3914435.5616289736 | 3922212.408329476
 |  | Residencial (> 20m³ a 40m³) |  | 3274295.769538292 | 3291895.63140981 | 3309495.4932813277 | 3327095.355152846 | 3344695.217024364 | 3362276.09306862 | 3379913.926594662 | 3397551.760120703 | 3415189.593646744 | 3432827.4271727847 | 3450427.289044303 | 3462293.431082813 | 3474159.5731213233 | 3486025.715159833 | 3497891.857198343 | 3509739.0134095913 | 3516896.6702872207 | 3524054.32716485 | 3531211.9840424797 | 3538369.6409201077 | 3545508.311970476 | 3552665.968848105 | 3559823.625725735 | 3566981.282603364 | 3574138.939480993 | 3581296.596358623 | 3588454.253236252 | 3595611.9101138804 | 3602769.5669915103 | 3609927.2238691393
 |  | Residencial (>40m³) |  | 397427.1409190359 | 399563.37517412077 | 401699.6094292056 | 403835.8436842906 | 405972.07793937554 | 408106.0077346384 | 410246.8509093675 | 412387.6940840966 | 414528.5372588258 | 416669.38043355476 | 418805.61468863976 | 420245.9020774511 | 421686.1894662624 | 423126.4768550737 | 424566.7642438849 | 426004.74717287417 | 426873.52852580516 | 427742.30987873615 | 428611.09123166715 | 429479.872584598 | 430346.34947770694 | 431215.130830638 | 432083.912183569 | 432952.6935365 | 433821.47488943086 | 434690.25624236197 | 435559.0375952929 | 436427.8189482238 | 437296.60030115483 | 438165.3816540858
 |  | Comercial |  | 5105116.372832858 | 5132557.187384731 | 5159998.001936603 | 5187438.816488477 | 5214879.6310403505 | 5242290.843850528 | 5269790.8618857935 | 5297290.879921056 | 5324790.897956322 | 5352290.915991587 | 5379731.73054346 | 5398232.819103245 | 5416733.90766303 | 5435234.996222815 | 5453736.0847826 | 5472207.57160069 | 5483367.428219952 | 5494527.284839215 | 5505687.141458476 | 5516846.998077738 | 5527977.252955306 | 5539137.1095745675 | 5550296.966193831 | 5561456.822813093 | 5572616.679432355 | 5583776.536051618 | 5594936.39267088 | 5606096.249290141 | 5617256.105909405 | 5628415.962528667
 |  | Industrial |  | 771412.0693054744 | 775558.5321852504 | 779704.9950650265 | 783851.4579448025 | 787997.9208245786 | 792139.9107131143 | 796295.319575371 | 800450.7284376275 | 804606.1372998842 | 808761.5461621409 | 812908.0090419169 | 815703.6285671166 | 818499.2480923161 | 821294.8676175156 | 824090.4871427151 | 826881.6336766746 | 828567.9513742749 | 830254.2690718754 | 831940.5867694758 | 833626.9044670761 | 835308.7491734362 | 836995.0668710367 | 838681.3845686371 | 840367.7022662375 | 842054.0199638378 | 843740.3376614384 | 845426.6553590386 | 847112.973056639 | 848799.2907542393 | 850485.6084518398
 |  | Pública |  | 1345748.06251101 | 1352981.6729363129 | 1360215.2833616154 | 1367448.8937869181 | 1374682.504212221 | 1381908.3113900316 | 1389157.5283103187 | 1396406.7452306058 | 1403655.962150893 | 1410905.17907118 | 1418138.7894964828 | 1423015.8191791305 | 1427892.848861778 | 1432769.8785444251 | 1437646.9082270726 | 1442516.134662228 | 1445457.9589668007 | 1448399.783271374 | 1451341.607575947 | 1454283.4318805195 | 1457217.4529376004 | 1460159.2772421734 | 1463101.1015467464 | 1466042.9258513195 | 1468984.7501558922 | 1471926.5744604652 | 1474868.3987650382 | 1477810.223069611 | 1480752.047374184 | 1483693.871678757
 |  | Presidente Olegário |  | 1174887.1404322532 | 1171751.9769662612 | 1168616.8135002686 | 1165481.6500342765 | 1162346.4865682842 | 1159088.3755153902 | 1153617.2078982661 | 1148146.0402811426 | 1142674.8726640188 | 1137203.705046895 | 1131671.06363632 | 1124171.2608353188 | 1116671.4580343177 | 1109171.6552333166 | 1101671.8524323152 | 1094049.1020444126 | 1085934.5613089032 | 1077820.0205733934 | 1069705.4798378842 | 1061590.9391023747 | 1053599.3459537667 | 1045484.8052182571 | 1037370.2644827476 | 1029255.7237472383 | 1021141.1830117288 | 1013026.6422762192 | 1004912.1015407097 | 996797.5608052002 | 988683.0200696908 | 980568.4793341814
 |  | Social |  | 169353.24391089412 | 168901.32807584514 | 168449.4122407962 | 167997.4964057472 | 167545.58057069828 | 167075.94254603956 | 166287.3051084051 | 165498.66767077066 | 164710.0302331362 | 163921.3927955018 | 163123.89426306242 | 162042.8406968669 | 160961.78713067135 | 159880.7335644758 | 158799.67999828028 | 157700.90424247502 | 156531.23972823063 | 155361.5752139863 | 154191.91069974197 | 153022.2461854976 | 151870.303860863 | 150700.63934661864 | 149530.97483237434 | 148361.31031812995 | 147191.64580388562 | 146021.9812896413 | 144852.3167753969 | 143682.65226115254 | 142512.98774690818 | 141343.32323266388
 |  | Residencial (Fixa) |  | 75236.39235547201 | 75035.62550688845 | 74834.85865830489 | 74634.09180972133 | 74433.32496113775 | 74224.68490280582 | 73874.32706900312 | 73523.96923520045 | 73173.61140139775 | 72823.25356759505 | 72468.95912891817 | 71988.69333426731 | 71508.42753961643 | 71028.16174496555 | 70547.89595031468 | 70059.75694591542 | 69540.12510252265 | 69020.49325912991 | 68500.86141573715 | 67981.2295723444 | 67469.47093870003 | 66949.83909530725 | 66430.20725191453 | 65910.57540852176 | 65390.943565129004 | 64871.311721736245 | 64351.679878343486 | 63832.048034950756 | 63312.41619155798 | 62792.78434816524
 |  | Residencial (0 a 5 m³) |  | 149918.54507920673 | 149518.49035970905 | 149118.43564021136 | 148718.3809207137 | 148318.326201216 | 147902.5830613459 | 147204.44835477154 | 146506.31364819716 | 145808.17894162275 | 145110.04423504844 | 144404.0653182878 | 143447.0716755679 | 142490.07803284796 | 141533.08439012803 | 140576.0907474081 | 139603.4086843157 | 138567.9729397335 | 137532.5371951513 | 136497.10145056908 | 135461.66570598684 | 134441.9183817771 | 133406.4826371949 | 132371.04689261268 | 131335.61114803044 | 130300.17540344824 | 129264.73965886602 | 128229.3039142838 | 127193.8681697016 | 126158.43242511938 | 125122.99668053718
 |  | Residencial (> 5m³ a 10m³) |  | 172391.33715376357 | 171931.31422603008 | 171471.2912982966 | 171011.26837056316 | 170551.24544282968 | 170073.18240028314 | 169270.3972911012 | 168467.6121819193 | 167664.8270727374 | 166862.0419635555 | 166050.23679696696 | 164949.7897933693 | 163849.3427897716 | 162748.89578617387 | 161648.44878257622 | 160529.96166416543 | 159339.31408650236 | 158148.66650883926 | 156958.01893117616 | 155767.3713535131 | 154594.7638906631 | 153404.116313 | 152213.46873533697 | 151022.82115767387 | 149832.1735800108 | 148641.5260023477 | 147450.8784246846 | 146260.23084702154 | 145069.58326935844 | 143878.93569169537
 |  | Residencial (> 10m³ a 15m³) |  | 135575.0929130991 | 135213.31341652272 | 134851.53391994632 | 134489.75442336992 | 134127.97492679354 | 133752.00799897884 | 133120.66730887495 | 132489.32661877104 | 131857.98592866713 | 131226.64523856324 | 130588.21083284018 | 129722.7775273045 | 128857.3442217688 | 127991.9109162331 | 127126.47761069743 | 126246.85687392346 | 125310.4864121963 | 124374.11595046916 | 123437.74548874202 | 122501.3750270149 | 121579.19199652606 | 120642.8215347989 | 119706.45107307176 | 118770.08061134463 | 117833.71014961749 | 116897.33968789034 | 115960.96922616322 | 115024.59876443607 | 114088.22830270893 | 113151.85784098177
 |  | Residencial (> 15m³ a 20m³) |  | 97344.67554163825 | 97084.91316969272 | 96825.15079774713 | 96565.38842580159 | 96305.62605385602 | 96035.67692222632 | 95582.36611628211 | 95129.05531033789 | 94675.74450439368 | 94222.43369844947 | 93764.02951266318 | 93142.63717193068 | 92521.24483119814 | 91899.85249046562 | 91278.46014973312 | 90646.88104931645 | 89974.55491016324 | 89302.22877101004 | 88629.90263185682 | 87957.5764927036 | 87295.43711323454 | 86623.11097408133 | 85950.7848349281 | 85278.45869577488 | 84606.13255662165 | 83933.80641746846 | 83261.48027831523 | 82589.15413916201 | 81916.8280000088 | 81244.50186085558
 |  | Residencial (> 20m³ a 40m³) |  | 88637.71299556375 | 88401.18498369824 | 88164.65697183272 | 87928.1289599672 | 87691.60094810168 | 87445.7973279277 | 87033.03275820162 | 86620.26818847553 | 86207.50361874943 | 85794.73904902334 | 85377.336675143 | 84811.52456832746 | 84245.7124615119 | 83679.90035469635 | 83114.0882478808 | 82539.0005327568 | 81926.810384399 | 81314.62023604118 | 80702.43008768337 | 80090.23993932559 | 79487.32539927623 | 78875.13525091842 | 78262.94510256061 | 77650.7549542028 | 77038.56480584499 | 76426.37465748719 | 75814.18450912938 | 75201.99436077157 | 74589.80421241376 | 73977.61406405595
 |  | Residencial (>40m³) |  | 21339.732346597953 | 21282.78768619211 | 21225.843025786264 | 21168.89836538042 | 21111.953704974574 | 21052.775920631244 | 20953.401905413204 | 20854.027890195164 | 20754.65387497712 | 20655.27985975908 | 20554.789282572296 | 20418.568722385764 | 20282.348162199236 | 20146.127602012704 | 20009.90704182618 | 19871.453357702165 | 19724.067177828216 | 19576.680997954263 | 19429.294818080314 | 19281.90863820637 | 19136.7555822699 | 18989.36940239595 | 18841.983222522 | 18694.59704264805 | 18547.2108627741 | 18399.82468290015 | 18252.4385030262 | 18105.05232315225 | 17957.6661432783 | 17810.27996340435
 |  | Comercial |  | 177526.02481900668 | 177052.30007718116 | 176578.57533535568 | 176104.8505935301 | 175631.12585170462 | 175138.82366902314 | 174312.1275509355 | 173485.43143284784 | 172658.73531476015 | 171832.0391966725 | 170996.0543581569 | 169862.83046594678 | 168729.6065737367 | 167596.38268152668 | 166463.15878931657 | 165311.35745625064 | 164085.24635976105 | 162859.13526327143 | 161633.02416678186 | 160406.9130702923 | 159199.37941465864 | 157973.26831816905 | 156747.15722167946 | 155521.04612518987 | 154294.93502870027 | 153068.8239322107 | 151842.7128357211 | 150616.60173923153 | 149390.49064274196 | 148164.3795462524
 |  | Industrial |  | 9127.153007478468 | 9102.797377330844 | 9078.441747183217 | 9054.086117035593 | 9029.730486887967 | 9004.419733989458 | 8961.916771574975 | 8919.413809160493 | 8876.91084674601 | 8834.407884331527 | 8791.427360541602 | 8733.164872737481 | 8674.902384933359 | 8616.639897129236 | 8558.377409325116 | 8499.159798770106 | 8436.121697211547 | 8373.08359565299 | 8310.045494094433 | 8247.007392535876 | 8184.924413728204 | 8121.886312169647 | 8058.84821061109 | 7995.810109052529 | 7932.772007493975 | 7869.733905935416 | 7806.695804376855 | 7743.6577028183 | 7680.619601259741 | 7617.581499701184
 |  | Pública |  | 78437.23030953274 | 78227.92208717056 | 78018.61386480836 | 77809.30564244617 | 77599.997420084 | 77382.48103213895 | 77017.21766370299 | 76651.95429526702 | 76286.69092683103 | 75921.42755839505 | 75552.06010716766 | 75051.36200661497 | 74550.66390606227 | 74049.96580550958 | 73549.2677049569 | 73040.36143882139 | 72498.62251035453 | 71956.8835818877 | 71415.14465342085 | 70873.40572495402 | 70339.87496207 | 69798.13603360315 | 69256.39710513632 | 68714.65817666947 | 68172.91924820261 | 67631.18031973578 | 67089.44139126893 | 66547.70246280209 | 66005.96353433524 | 65464.2246058684
 |  | Rio Paranaíba |  | 2024990.41201922 | 2042550.0260236575 | 2060109.6400280949 | 2077669.2540325327 | 2095228.8680369703 | 2112526.398250297 | 2126416.8391791806 | 2140307.280108064 | 2154197.721036948 | 2168088.161965831 | 2182109.644790271 | 2193248.2059124885 | 2204386.767034706 | 2215525.328156924 | 2226663.889279142 | 2237933.4922969155 | 2245140.796552468 | 2252348.100808021 | 2259555.4050635737 | 2266762.7093191263 | 2274101.0554702347 | 2281308.3597257873 | 2288515.6639813404 | 2295722.968236893 | 2302930.272492446 | 2310137.576747999 | 2317344.8810035517 | 2324552.1852591042 | 2331759.4895146578 | 2338966.7937702104
 |  | Social |  | 273609.29916838306 | 275981.88999790244 | 278354.4808274219 | 280727.07165694126 | 283099.6624864607 | 285436.8415125544 | 287313.6670941145 | 289190.4926756746 | 291067.3182572348 | 292944.1438387949 | 294838.6753220679 | 296343.67696765857 | 297848.6786132492 | 299353.68025883986 | 300858.68190443056 | 302381.389451734 | 303355.21404593973 | 304329.0386401455 | 305302.86323435116 | 306276.68782855687 | 307268.21832447546 | 308242.04291868117 | 309215.86751288694 | 310189.69210709265 | 311163.5167012984 | 312137.3412955042 | 313111.16588970984 | 314084.99048391555 | 315058.8150781213 | 316032.63967232703
 |  | Residencial (Fixa) |  | 61224.8947633846 | 61755.80370652144 | 62286.712649658286 | 62817.62159279511 | 63348.53053593195 | 63871.51546499212 | 64291.48821105558 | 64711.460957119045 | 65131.43370318251 | 65551.40644924599 | 65975.3412023478 | 66312.11180060623 | 66648.88239886468 | 66985.6529971231 | 67322.42359538155 | 67663.15620067832 | 67881.06658778673 | 68098.97697489514 | 68316.88736200354 | 68534.79774911194 | 68756.67014325869 | 68974.58053036708 | 69192.49091747549 | 69410.4013045839 | 69628.31169169229 | 69846.2220788007 | 70064.1324659091 | 70282.04285301748 | 70499.9532401259 | 70717.86362723431
 |  | Residencial (0 a 5 m³) |  | 267623.90438008244 | 269944.5931257584 | 272265.2818714344 | 274585.9706171104 | 276906.6593627864 | 279192.71096300444 | 281028.4796722706 | 282864.2483815367 | 284700.0170908027 | 286535.78580006876 | 288388.8730820638 | 289860.95176402247 | 291333.03044598113 | 292805.1091279398 | 294277.18780989846 | 295766.585064586 | 296719.10656467685 | 297671.6280647678 | 298624.14956485864 | 299576.67106494954 | 300546.5111377694 | 301499.0326378602 | 302451.55413795117 | 303404.075638042 | 304356.5971381329 | 305309.11863822385 | 306261.64013831475 | 307214.1616384056 | 308166.6831384965 | 309119.20463858737
 |  | Residencial (> 5m³ a 10m³) |  | 307740.7315153588 | 310409.29153755883 | 313077.85155975894 | 315746.41158195905 | 318414.97160415916 | 321043.70237229654 | 323154.65283761895 | 325265.6033029414 | 327376.55376826396 | 329487.50423358637 | 331618.3693259402 | 333311.1126236045 | 335003.8559212687 | 336696.59921893297 | 338389.3425165971 | 340102.0004412927 | 341197.3049280166 | 342292.6094147406 | 343387.9139014645 | 344483.2183881884 | 345598.43750194367 | 346693.7419886676 | 347789.04647539154 | 348884.35096211545 | 349979.6554488393 | 351074.95993556327 | 352170.2644222872 | 353265.5689090111 | 354360.87339573505 | 355456.1778824589
 |  | Residencial (> 10m³ a 15m³) |  | 257124.00006072264 | 259353.63935459036 | 261583.27864845798 | 263812.91794232564 | 266042.5572361933 | 268238.918331645 | 270002.6628476895 | 271766.4073637341 | 273530.1518797787 | 275293.8963958232 | 277074.28001107584 | 278488.60344375303 | 279902.9268764303 | 281317.2503091075 | 282731.5737417848 | 284162.5362736699 | 285077.6867301081 | 285992.8371865464 | 286907.9876429846 | 287823.1380994228 | 288754.927655069 | 289670.0781115072 | 290585.2285679454 | 291500.3790243836 | 292415.52948082186 | 293330.6799372601 | 294245.8303936983 | 295160.9808501365 | 296076.13130657474 | 296991.2817630129
 |  | Residencial (> 15m³ a 20m³) |  | 184618.36774047225 | 186219.27767881582 | 187820.1876171594 | 189421.09755550302 | 191022.00749384656 | 192599.02325400588 | 193865.41469777017 | 195131.80614153453 | 196398.19758529888 | 197664.58902906318 | 198942.92756191967 | 199958.4301347495 | 200973.93270757937 | 201989.43528040926 | 203004.93785323913 | 204032.38751516113 | 204689.4774152275 | 205346.5673152939 | 206003.6572153603 | 206660.7471154267 | 207329.7841045852 | 207986.8740046516 | 208643.96390471802 | 209301.0538047844 | 209958.1437048508 | 210615.23360491722 | 211272.3235049836 | 211929.41340504997 | 212586.5033051164 | 213243.59320518275
 |  | Residencial (> 20m³ a 40m³) |  | 168105.23844716925 | 169562.95552164802 | 171020.67259612682 | 172478.38967060563 | 173936.1067450844 | 175372.06684830232 | 176525.1863251288 | 177678.3058019553 | 178831.42527878183 | 179984.5447556083 | 181148.54271806526 | 182073.21399665257 | 182997.88527523982 | 183922.5565538271 | 184847.2278324144 | 185782.77759663214 | 186381.09430630624 | 186979.4110159804 | 187577.72772565452 | 188176.04443532863 | 188785.2396306332 | 189383.55634030732 | 189981.87304998148 | 190580.18975965556 | 191178.50646932973 | 191776.82317900387 | 192375.139888678 | 192973.4565983521 | 193571.77330802628 | 194170.09001770036
 |  | Residencial (>40m³) |  | 40471.72104613262 | 40822.66976936964 | 41173.61849260667 | 41524.567215843694 | 41875.515939080724 | 42221.22662167242 | 42498.84277587484 | 42776.458930077264 | 43054.07508427969 | 43331.69123848211 | 43611.92641300721 | 43834.54314043368 | 44057.15986786015 | 44279.77659528662 | 44502.39332271309 | 44727.62907046222 | 44871.67518820877 | 45015.72130595531 | 45159.767423701844 | 45303.813541448384 | 45450.47867951759 | 45594.52479726413 | 45738.57091501068 | 45882.61703275721 | 46026.66315050376 | 46170.709268250306 | 46314.75538599684 | 46458.80150374338 | 46602.84762148993 | 46746.89373923646
 |  | Comercial |  | 305538.02456187975 | 308187.4839090157 | 310836.9432561517 | 313486.4026032876 | 316135.86195042357 | 318745.7771281993 | 320841.61810429185 | 322937.4590803845 | 325033.30005647714 | 327129.14103256975 | 329244.7540933425 | 330925.3812911526 | 332606.0084889627 | 334286.6356867729 | 335967.262884583 | 337667.6621670732 | 338755.1268244797 | 339842.5914818863 | 340930.0561392929 | 342017.5207966994 | 343124.75753878604 | 344212.22219619266 | 345299.68685359915 | 346387.1515110057 | 347474.61616841226 | 348562.08082581876 | 349649.5454832254 | 350737.0101406319 | 351824.4747980384 | 352911.93945544504
 |  | Industrial |  | 15710.986379741911 | 15847.223497122704 | 15983.460614503501 | 16119.697731884295 | 16255.93484926509 | 16390.13857683423 | 16497.908236851872 | 16605.677896869514 | 16713.44755688716 | 16821.217216904803 | 16930.003571828274 | 17016.422638823555 | 17102.84170581883 | 17189.260772814112 | 17275.679839809396 | 17363.1156017105 | 17419.033821530975 | 17474.95204135145 | 17530.870261171927 | 17586.7884809924 | 17643.7233957187 | 17699.641615539178 | 17755.559835359654 | 17811.478055180127 | 17867.396275000603 | 17923.314494821083 | 17979.232714641556 | 18035.150934462028 | 18091.069154282508 | 18146.98737410298
 |  | Pública |  | 143223.24395589248 | 144465.19792535403 | 145707.15189481562 | 146949.1058642772 | 148191.05983373875 | 149414.47717679045 | 150396.91837651376 | 151379.3595762371 | 152361.80077596044 | 153344.24197568375 | 154335.95148861205 | 155123.7581110317 | 155911.56473345132 | 156699.37135587097 | 157487.17797829062 | 158284.2529139152 | 158794.01014018673 | 159303.76736645828 | 159813.5245927298 | 160323.28181900136 | 160842.30735847782 | 161352.06458474937 | 161861.82181102093 | 162371.57903729245 | 162881.336263564 | 163391.09348983556 | 163900.8507161071 | 164410.6079423786 | 164920.36516865017 | 165430.1223949217
 |  | Serra do Salitre |  | 1638162.209171991 | 1652592.4928969413 | 1667022.776621891 | 1681453.0603468406 | 1695883.34407179 | 1710573.6329089007 | 1722793.87318048 | 1735014.113452059 | 1747234.3537236382 | 1759454.593995217 | 1771544.8317107158 | 1780125.0004120374 | 1788705.1691133582 | 1797285.3378146798 | 1805865.5065160012 | 1814705.680329484 | 1820945.8030213544 | 1827185.9257132246 | 1833426.0484050945 | 1839666.1710969647 | 1846166.2989009956 | 1852406.4215928658 | 1858646.5442847363 | 1864886.6669766065 | 1871126.7896684764 | 1877366.9123603466 | 1883607.0350522168 | 1889847.157744087 | 1896087.2804359575 | 1902327.403127827
 |  | Social |  | 312447.44992992026 | 315199.7447432066 | 317952.03955649293 | 320704.3343697793 | 323456.62918306555 | 326258.5148938886 | 328589.2870781131 | 330920.0592623375 | 333250.831446562 | 335581.60363078647 | 337887.58036624256 | 339524.0799849534 | 341160.57960366417 | 342797.079222375 | 344433.5788410858 | 346119.6693573333 | 347309.85089821386 | 348500.03243909444 | 349690.21397997503 | 350880.39552085556 | 352120.16795927286 | 353310.34950015345 | 354500.5310410341 | 355690.7125819146 | 356880.89412279514 | 358071.0756636758 | 359261.2572045563 | 360451.43874543696 | 361641.62028631754 | 362831.801827198
 |  | Residencial (Fixa) |  | 40004.30306850969 | 40356.69396134396 | 40709.08485417822 | 41061.47574701249 | 41413.866639846754 | 41772.60691813749 | 42071.02803459173 | 42369.44915104597 | 42667.87026750022 | 42966.29138395446 | 43261.53780768047 | 43471.06752774408 | 43680.597247807695 | 43890.126967871314 | 44099.65668793493 | 44315.535793455034 | 44467.92104441039 | 44620.306295365735 | 44772.6915463211 | 44925.07679727646 | 45083.81143368828 | 45236.19668464365 | 45388.581935599 | 45540.967186554364 | 45693.35243750971 | 45845.73768846508 | 45998.122939420435 | 46150.5081903758 | 46302.89344133116 | 46455.278692286505
 |  | Residencial (0 a 5 m³) |  | 174865.27041940193 | 176405.62793202425 | 177945.98544464653 | 179486.34295726885 | 181026.70046989113 | 182594.8121719301 | 183899.25907451112 | 185203.70597709215 | 186508.15287967326 | 187812.59978225426 | 189103.16959012698 | 190019.0578408754 | 190934.94609162374 | 191850.8343423722 | 192766.7225931206 | 193710.3650332856 | 194376.46557928444 | 195042.56612528325 | 195708.66667128206 | 196374.76721728093 | 197068.62195269638 | 197734.72249869522 | 198400.82304469406 | 199066.9235906929 | 199733.0241366917 | 200399.1246826905 | 201065.22522868938 | 201731.32577468822 | 202397.42632068708 | 203063.52686668586
 |  | Residencial (> 5m³ a 10m³) |  | 201077.57698307745 | 202848.83410910887 | 204620.09123514025 | 206391.34836117167 | 208162.60548720302 | 209965.7771560458 | 211465.7606681805 | 212965.74418031517 | 214465.7276924499 | 215965.71120458457 | 217449.7374453136 | 218502.917358089 | 219556.0972708644 | 220609.27718363988 | 221662.45709641528 | 222747.55155200209 | 223513.50057947516 | 224279.44960694812 | 225045.3986344212 | 225811.34766189422 | 226609.21123217864 | 227375.16025965166 | 228141.1092871247 | 228907.05831459776 | 229673.00734207075 | 230438.9563695438 | 231204.90539701682 | 231970.8544244899 | 232736.8034519629 | 233502.75247943593
 |  | Residencial (> 10m³ a 15m³) |  | 183606.11086917104 | 185223.46491301502 | 186840.818956859 | 188458.17300070298 | 190075.52704454694 | 191722.02260269443 | 193091.67377495873 | 194461.32494722298 | 195830.97611948726 | 197200.6272917515 | 198555.70770686408 | 199517.3776788794 | 200479.04765089467 | 201440.71762291007 | 202402.38759492539 | 203393.19908124424 | 204092.59542452815 | 204791.991767812 | 205491.38811109585 | 206190.78445437975 | 206919.32231196715 | 207618.71865525105 | 208318.11499853493 | 209017.5113418188 | 209716.90768510266 | 210416.30402838657 | 211115.70037167042 | 211815.0967149544 | 212514.49305823824 | 213213.88940152206
 |  | Residencial (> 15m³ a 20m³) |  | 131831.5695455787 | 132992.85073116393 | 134154.13191674912 | 135315.41310233434 | 136476.69428791953 | 137658.8994588306 | 138642.32676914602 | 139625.75407946142 | 140609.18138977682 | 141592.6087000922 | 142565.57401774472 | 143256.06553349807 | 143946.55704925142 | 144637.0485650048 | 145327.54008075816 | 146038.95558183742 | 146541.13122965803 | 147043.30687747867 | 147545.48252529927 | 148047.6581731199 | 148570.75780626643 | 149072.93345408706 | 149575.1091019077 | 150077.2847497283 | 150579.46039754892 | 151081.63604536955 | 151583.8116931902 | 152085.98734101086 | 152588.1629888315 | 153090.33863665207
 |  | Residencial (> 20m³ a 40m³) |  | 120039.93808718848 | 121097.34885837157 | 122154.75962955464 | 123212.17040073773 | 124269.58117192077 | 125346.04438943147 | 126241.50936682976 | 127136.97434422803 | 128032.43932162633 | 128927.9042990246 | 129813.84305325907 | 130442.57378207061 | 131071.30451088217 | 131700.03523969374 | 132328.7659685053 | 132976.5491436445 | 133433.80785550742 | 133891.06656737038 | 134348.3252792333 | 134805.58399109627 | 135281.89514928687 | 135739.1538611498 | 136196.41257301276 | 136653.67128487572 | 137110.92999673865 | 137568.1887086016 | 138025.44742046454 | 138482.70613232753 | 138939.96484419046 | 139397.2235560534
 |  | Residencial (>40m³) |  | 28899.88993523557 | 29154.463999421834 | 29409.038063608103 | 29663.612127794368 | 29918.186191980632 | 30177.34717624233 | 30392.932419787456 | 30608.517663332583 | 30824.102906877706 | 31039.688150422833 | 31252.979933930248 | 31404.34829641938 | 31555.716658908514 | 31707.085021397645 | 31858.453383886776 | 32014.408666451338 | 32124.494748261615 | 32234.58083007189 | 32344.666911882166 | 32454.752993692447 | 32569.425995578153 | 32679.512077388426 | 32789.59815919871 | 32899.68424100899 | 33009.770322819255 | 33119.856404629536 | 33229.94248643982 | 33340.0285682501 | 33450.11465006037 | 33560.200731870646
 |  | Comercial |  | 301532.779781198 | 304188.9291785247 | 306845.07857585134 | 309501.22797317797 | 312157.37737050455 | 314861.3853155308 | 317110.737057411 | 319360.08879929123 | 321609.44054117147 | 323858.79228305165 | 326084.2147510821 | 327663.5468251682 | 329242.8788992543 | 330822.21097334044 | 332401.54304742656 | 334028.7336692122 | 335177.33881400217 | 336325.943958792 | 337474.5491035819 | 338623.15424837184 | 339819.6179408613 | 340968.22308565123 | 342116.82823044114 | 343265.43337523105 | 344414.0385200209 | 345562.6436648108 | 346711.2488096007 | 347859.85395439056 | 349008.45909918053 | 350157.0642439703
 |  | Industrial |  | 16833.140618853286 | 16981.420803655506 | 17129.70098845772 | 17277.981173259934 | 17426.261358062147 | 17577.213257905845 | 17702.783864855468 | 17828.354471805094 | 17953.925078754717 | 18079.495685704343 | 18203.730435133224 | 18291.89703150211 | 18380.06362787099 | 18468.23022423988 | 18556.396820608763 | 18647.23513201913 | 18711.356293014684 | 18775.477454010233 | 18839.598615005783 | 18903.719776001337 | 18970.51265203837 | 19034.633813033925 | 19098.75497402948 | 19162.876135025035 | 19226.997296020585 | 19291.118457016135 | 19355.23961801169 | 19419.360779007242 | 19483.481940002795 | 19547.603100998345
 |  | Pública |  | 127024.179933857 | 128143.11366710502 | 129262.04740035303 | 130380.98113360103 | 131499.91486684902 | 132639.00956826366 | 133586.5750720953 | 134534.14057592695 | 135481.7060797586 | 136429.27158359025 | 137366.75660333855 | 138032.0685528374 | 138697.3805023362 | 139362.692451835 | 140028.00440133383 | 140713.47731899927 | 141197.3405549984 | 141681.20379099753 | 142165.0670269967 | 142648.9302629958 | 143152.9544671616 | 143636.81770316072 | 144120.68093915988 | 144604.54417515904 | 145088.4074111581 | 145572.2706471573 | 146056.1338831564 | 146539.99711915557 | 147023.86035515473 | 147507.72359115383
 |  | TOTAL DE RECEITAS DA TARIFA DE REMUNERAÇÃO |  | 51699269.11834768 | 51947609.19073459 | 52195949.2631215 | 52444289.335508384 | 52692629.40789531 | 52940923.83530923 | 53160994.70680394 | 53381065.57829864 | 53601136.44979335 | 53821207.321288064 | 54041228.67099988 | 54173518.39497182 | 54305808.11894375 | 54438097.842915684 | 54570387.56688761 | 54703401.62541504 | 54762191.12154558 | 54820980.61767611 | 54879770.113806635 | 54938559.609937154 | 54997181.74955353 | 55055971.24568406 | 55114760.74181459 | 55173550.237945125 | 55232339.734075636 | 55291129.23020617 | 55349918.726336695 | 55408708.22246722 | 55467497.71859775 | 55526287.21472829
 |  | Inadimplência |  | 8592166.405066723 | 4940231.595103347 | 3929267.0967158424 | 3416248.293429418 | 3161248.9036283423 | 2963751.308369042 | 2832614.1570129176 | 2844340.3459147643 | 2856066.5348166116 | 2867792.723718459 | 2879516.2739167963 | 2886565.1590442653 | 2893614.0441717342 | 2900662.9292992027 | 2907711.814426671 | 2914799.2947747074 | 2917931.8162773894 | 2921064.337780071 | 2924196.859282752 | 2927329.3807854326 | 2930452.9849148807 | 2933585.506417562 | 2936718.027920244 | 2939850.5494229253 | 2942983.0709256055 | 2946115.592428287 | 2949248.1139309686 | 2952380.6354336496 | 2955513.1569363307 | 2958645.6784390127
 |  | RECEITAS DA TARIFA DE RDO |  | 43107102.71328096 | 47007377.59563124 | 48266682.166405655 | 49028041.042078964 | 49531380.50426697 | 49977172.52694019 | 50328380.54979102 | 50536725.23238388 | 50745069.914976746 | 50953414.59756961 | 51161712.39708308 | 51286953.23592755 | 51412194.074772015 | 51537434.91361648 | 51662675.75246094 | 51788602.33064033 | 51844259.30526819 | 51899916.279896036 | 51955573.25452388 | 52011230.22915172 | 52066728.76463865 | 52122385.73926649 | 52178042.713894345 | 52233699.6885222 | 52289356.66315003 | 52345013.63777788 | 52400670.612405725 | 52456327.58703357 | 52511984.561661415 | 52567641.536289275
 |  | RPU
 |  | Quantidade Coletada RPU (t/ano) |  | 16643.09934255 | 16720.403955785 | 16797.708569019997 | 16875.013182254996 | 16952.31779549 | 17029.559960529998 | 17096.731636964996 | 17163.9033134 | 17231.074989834997 | 17298.24666627 | 17365.294990969996 | 17404.118717514997 | 17442.942444059994 | 17481.76617060499 | 17520.58989715 | 17559.598026079995 | 17575.202792884997 | 17590.807559689994 | 17606.412326495 | 17622.017093299997 | 17637.669817964994 | 17653.27458477 | 17668.879351574997 | 17684.484118379998 | 17700.088885184996 | 17715.693651989997 | 17731.298418795 | 17746.9031856 | 17762.507952404998 | 17778.11271921
 |  | Total |  | 3722524.9477499817 | 3739815.498351199 | 3757106.048952416 | 3774396.599553634 | 3791687.1501548514 | 3808963.7331074337 | 3823987.8723116135 | 3839012.0115157943 | 3854036.1507199747 | 3869060.2899241555 | 3884056.8393206056 | 3892740.455734461 | 3901424.072148316 | 3910107.6885621706 | 3918791.3049760256 | 3927516.1662604697 | 3931006.449683037 | 3934496.7331056036 | 3937987.0165281706 | 3941477.2999507375 | 3944978.310000996 | 3948468.593423563 | 3951958.87684613 | 3955449.160268696 | 3958939.443691263 | 3962429.72711383 | 3965920.0105363964 | 3969410.293958964 | 3972900.57738153 | 3976390.860804096
 |  | Arapuá |  | 29600.260731502003 | 29432.204747030948 | 29264.148762559893 | 29096.092778088834 | 28928.036793617775 | 28759.980809146724 | 28547.10989548338 | 28334.238981820046 | 28121.36806815671 | 27908.497154493372 | 27718.033705426173 | 27471.551594868622 | 27225.069484311076 | 26978.58737375353 | 26732.10526319598 | 26496.8268849365 | 26239.141042080882 | 25981.455199225264 | 25723.76935636964 | 25466.083513514022 | 25185.990206062266 | 24928.304363206644 | 24670.618520351025 | 24412.932677495406 | 24155.246834639784 | 23897.56099178417 | 23639.87514892855 | 23382.189306072927 | 23124.503463217312 | 22866.81762036169
 |  | Coromandel |  | 346348.1330993393 | 346543.0714605726 | 346738.0098218058 | 346932.948183039 | 347127.8865442723 | 347345.75883035647 | 346829.74552120967 | 346313.73221206287 | 345797.71890291607 | 345281.70559376926 | 344765.69228462246 | 343768.0665536053 | 342770.4408225881 | 341772.8150915709 | 340775.1893605538 | 339754.62970468565 | 338321.2594015 | 336887.88909831445 | 335454.51879512885 | 334021.1484919433 | 332599.2451511832 | 331165.87484799756 | 329732.504544812 | 328299.1342416265 | 326865.7639384409 | 325432.3936352553 | 323999.0233320697 | 322565.6530288841 | 321132.2827256985 | 319698.9124225129
 |  | Cruzeiro da Fortaleza |  | 40848.80795876468 | 40893.62288795697 | 40938.43781714925 | 40983.25274634153 | 41028.06767553381 | 41095.29006932223 | 41084.086337024164 | 41072.88260472609 | 41061.67887242802 | 41050.47514012995 | 41016.86394323574 | 40927.23408485118 | 40837.60422646661 | 40747.97436808206 | 40658.34450969748 | 40579.918383611 | 40445.47359603415 | 40311.028808457304 | 40176.58402088046 | 40042.13923330362 | 39907.69444572677 | 39773.24965814993 | 39638.80487057308 | 39504.36008299624 | 39369.91529541939 | 39235.47050784255 | 39101.0257202657 | 38966.58093268886 | 38832.13614511202 | 38697.691357535165
 |  | Guimarânia |  | 97599.70985605136 | 98503.51049852831 | 99407.31114100525 | 100311.11178348218 | 101214.91242595912 | 102107.953536978 | 102893.39933341631 | 103678.84512985458 | 104464.29092629287 | 105249.73672273118 | 106024.42298771141 | 106648.47581227882 | 107272.52863684623 | 107896.58146141363 | 108520.63428598105 | 109166.20617346457 | 109618.10649470304 | 110070.00681594151 | 110521.90713717998 | 110973.80745841845 | 111404.1887167408 | 111856.08903797928 | 112307.98935921775 | 112759.88968045621 | 113211.79000169468 | 113663.69032293315 | 114115.59064417162 | 114567.49096541009 | 115019.39128664856 | 115471.29160788703
 |  | Lagoa Formosa |  | 227206.39349855346 | 228181.08530471966 | 229155.77711088586 | 230130.4689170521 | 231105.16072321826 | 232068.38556695898 | 232630.26672580774 | 233192.14788465647 | 233754.02904350523 | 234315.910202354 | 234900.72528605367 | 235118.59757213792 | 235336.46985822215 | 235554.3421443063 | 235772.21443039057 | 236013.02064132574 | 235875.4170922199 | 235737.81354311405 | 235600.2099940083 | 235462.60644490243 | 235325.00289579664 | 235187.39934669083 | 235049.79579758504 | 234912.19224847917 | 234774.5886993734 | 234636.98515026757 | 234499.38160116173 | 234361.77805205592 | 234224.1745029501 | 234086.57095384426
 |  | Patos de Minas |  | 2440070.89284536 | 2453186.662981436 | 2466302.4331175117 | 2479418.2032535877 | 2492533.9733896637 | 2505635.594906391 | 2518779.662281164 | 2531923.729655937 | 2545067.7970307097 | 2558211.864405483 | 2571327.6345415586 | 2580170.521634382 | 2589013.408727206 | 2597856.295820029 | 2606699.1829128526 | 2615527.9213863276 | 2620861.950880719 | 2626195.98037511 | 2631530.0098695015 | 2636864.0393638927 | 2642183.920238935 | 2647517.9497333267 | 2652851.979227718 | 2658186.0087221083 | 2663520.0382165 | 2668854.067710891 | 2674188.097205282 | 2679522.126699674 | 2684856.1561940648 | 2690190.1856884556
 |  | Presidente Olegário |  | 219156.58587586324 | 218571.77079216353 | 217986.9557084638 | 217402.14062476408 | 216817.32554106435 | 216209.57653251366 | 215189.01687664556 | 214168.45722077737 | 213147.89756490928 | 212127.33790904112 | 211095.31129074752 | 209696.3418748384 | 208297.37245892923 | 206898.4030430201 | 205499.43362711096 | 204077.53028635087 | 202563.8912461869 | 201050.2522060229 | 199536.61316585896 | 198022.97412569498 | 196532.26901038198 | 195018.62997021797 | 193504.99093005402 | 191991.35188989004 | 190477.71284972606 | 188964.07380956205 | 187450.43476939813 | 185936.79572923412 | 184423.15668907014 | 182909.51764890616
 |  | Rio Paranaíba |  | 177198.9703610148 | 178735.54332602973 | 180272.11629104466 | 181808.68925605965 | 183345.26222107458 | 184858.90126123856 | 186074.3992783399 | 187289.8972954413 | 188505.3953125427 | 189720.89332964408 | 190947.85830917087 | 191922.5501153371 | 192897.2419215033 | 193871.9337276695 | 194846.6255338357 | 195832.78430242738 | 196463.46723582904 | 197094.1501692307 | 197724.83310263237 | 198355.51603603404 | 198997.66593186118 | 199628.34886526281 | 200259.03179866448 | 200889.71473206615 | 201520.39766546778 | 202151.08059886948 | 202781.76353227114 | 203412.44646567278 | 204043.12939907445 | 204673.81233247608
 |  | Serra do Salitre |  | 144495.19352353248 | 145768.02635276128 | 147040.85918199006 | 148313.6920112189 | 149586.52484044767 | 150882.29159452743 | 151960.186062523 | 153038.08053051858 | 154115.97499851414 | 155193.8694665097 | 156260.29697207978 | 157017.11649216173 | 157773.93601224374 | 158530.7555323257 | 159287.57505240772 | 160067.32849734067 | 160617.74269376395 | 161168.15689018718 | 161718.57108661046 | 162268.98528303375 | 162842.33340430798 | 163392.74760073124 | 163943.1617971545 | 164493.57599357778 | 165043.99019000103 | 165594.40438642426 | 166144.81858284754 | 166695.23277927082 | 167245.6469756941 | 167796.06117211733
 |  | TOTAL DE RECEITAS DE RPU |  | 3722524.9477499817 | 3739815.498351199 | 3757106.048952416 | 3774396.599553634 | 3791687.1501548514 | 3808963.7331074337 | 3823987.8723116135 | 3839012.0115157943 | 3854036.1507199747 | 3869060.2899241555 | 3884056.8393206056 | 3892740.455734461 | 3901424.072148316 | 3910107.6885621706 | 3918791.3049760256 | 3927516.1662604697 | 3931006.449683037 | 3934496.7331056036 | 3937987.0165281706 | 3941477.2999507375 | 3944978.310000996 | 3948468.593423563 | 3951958.87684613 | 3955449.160268696 | 3958939.443691263 | 3962429.72711383 | 3965920.0105363964 | 3969410.293958964 | 3972900.57738153 | 3976390.860804096
 |  | Receitas com Energia
 |  | Energia gerada pela gaseificação | MWh | 0 | 0 | 0 | 0 | 0 | 0 | 0 | 0 | 0 | 0 | 0 | 0 | 0 | 0 | 0 | 0 | 0 | 0 | 0 | 0 | 0 | 0 | 0 | 0 | 0 | 0 | 0 | 0 | 0 | 0
 |  |  | 0 | 0 | 0 | 0 | 0 | 0 | 0 | 0 | 0 | 0 | 0 | 0 | 0 | 0 | 0 | 0 | 0 | 0 | 0 | 0 | 0 | 0 | 0 | 0 | 0 | 0 | 0 | 0 | 0 | 0 | 0
 |  | TOTAL DE RECEITAS ACESSÓRIAS |  | 0 | 0 | 0 | 0 | 0 | 0 | 0 | 0 | 0 | 0 | 0 | 0 | 0 | 0 | 0 | 0 | 0 | 0 | 0 | 0 | 0 | 0 | 0 | 0 | 0 | 0 | 0 | 0 | 0 | 0
 |  | Receita Não Operacional
 |  | Venda dos caminhões  |  | 0 | 0 | 0 | 0 | 0 | 0 | 0 | 0 | 7626241.893253908 | 6799518.841762361 | 0 | 0 | 0 | 0 | 0 | 0 | 7266058.959276527 | 0 | 0 | 1682317.9102961456 | 0 | 0 | 0 | 0 | 7266058.959276527 | 0 | 0 | 0 | 0 | 0
 |  | TOTAL DE RECEITAS |  | 46829627.66103094 | 50747193.09398244 | 52023788.21535807 | 52802437.6416326 | 53323067.65442182 | 53786136.26004762 | 54152368.42210264 | 54375737.24389967 | 62225347.95895063 | 61621993.72925612 | 55045769.23640369 | 55179693.69166201 | 55313618.14692033 | 55447542.60217865 | 55581467.057436965 | 55716118.4969008 | 63041324.71422776 | 55834413.013001636 | 55893560.27105205 | 57635025.4393986 | 56011707.07463964 | 56070854.33269005 | 56130001.59074047 | 56189148.84879089 | 63514355.066117816 | 56307443.36489171 | 56366590.62294212 | 56425737.88099253 | 56484885.13904294 | 56544032.39709337
[137 linhas]
