 | Tributos - Apuração pelo Lucro Real
 |  | APURAÇÃO  DO PIS, COFINS E ISS |  |  |  | 1 | 2 | 3 | 4 | 5 | 6 | 7 | 8 | 9 | 10 | 11 | 12 | 13 | 14 | 15 | 16 | 17 | 18 | 19 | 20 | 21 | 22 | 23 | 24 | 25 | 26 | 27 | 28 | 29 | 30
 |  |  |  | Base de cálculo PIS/COFINS |  | 46829627.66103094 | 50747193.09398244 | 52023788.21535807 | 52802437.6416326 | 53323067.65442182 | 53786136.26004762 | 54152368.42210264 | 54375737.24389967 | 62225347.95895063 | 61621993.72925612 | 55045769.23640369 | 55179693.69166201 | 55313618.14692033 | 55447542.60217865 | 55581467.057436965 | 55716118.4969008 | 63041324.71422776 | 55834413.013001636 | 55893560.27105205 | 57635025.4393986 | 56011707.07463964 | 56070854.33269005 | 56130001.59074047 | 56189148.84879089 | 63514355.066117816 | 56307443.36489171 | 56366590.62294212 | 56425737.88099253 | 56484885.13904294 | 56544032.39709337
 |  |  |  | PIS | 0.0165 | 772688.8564070106 | 837328.6860507104 | 858392.5055534082 | 871240.2210869379 | 879830.61629796 | 887471.2482907858 | 893514.0789646936 | 897199.6645243446 | 1026718.2413226855 | 1016762.8965327261 | 908255.192400661 | 910464.9459124233 | 912674.6994241856 | 914884.4529359477 | 917094.2064477099 | 919315.9551988632 | 1040181.8577847581 | 921267.814714527 | 922243.7444723588 | 950977.919750077 | 924193.1667315541 | 925169.0964893859 | 926145.0262472178 | 927120.9560050498 | 1047986.858590944 | 929072.8155207132 | 930048.7452785451 | 931024.6750363768 | 932000.6047942087 | 932976.5345520406
 |  |  |  | COFINS | 0.076 | 3559051.7022383516 | 3856786.6751426654 | 3953807.904367213 | 4012985.260764078 | 4052553.1417360585 | 4087746.3557636193 | 4115580.0000798004 | 4132556.030536375 | 4729126.444880248 | 4683271.523423465 | 4183478.4619666804 | 4193656.720566313 | 4203834.979165945 | 4214013.237765577 | 4224191.496365209 | 4234425.00576446 | 4791140.678281309 | 4243415.388988124 | 4247910.580599955 | 4380261.933394293 | 4256889.737672613 | 4261384.929284444 | 4265880.120896276 | 4270375.312508108 | 4827090.985024954 | 4279365.695731769 | 4283860.887343601 | 4288356.078955432 | 4292851.2705672635 | 4297346.462179096
 |  |  |  | ISS¹ |  | 1332784.818595702 | 1338471.817148743 | 1344158.8157017839 | 1349845.8142548245 | 1355532.8128078657 | 1361230.7294174938 | 1365872.06224806 | 1370513.3950786267 | 1375154.727909193 | 1379796.0607397596 | 1384436.3842203375 | 1386863.0171014604 | 1389289.6499825832 | 1391716.2828637061 | 1394142.9157448288 | 1396580.7679410055 | 1397149.311315027 | 1397717.8546890481 | 1398286.398063069 | 1398854.9414370898 | 1399427.0515477003 | 1399995.5949217214 | 1400564.1382957427 | 1401132.6816697638 | 1401701.2250437846 | 1402269.768417806 | 1402838.311791827 | 1403406.8551658478 | 1403975.3985398689 | 1404543.9419138902
 |  |  |  | Arapuá | 0.03 | 17000.908591772473 | 16904.385643673846 | 16807.86269557521 | 16711.339747476584 | 16614.816799377946 | 16518.293851279315 | 16396.031450354385 | 16273.769049429447 | 16151.506648504512 | 16029.244247579576 | 15919.851573067792 | 15778.284582523132 | 15636.717591978471 | 15495.150601433812 | 15353.583610889149 | 15218.451483551064 | 15070.449629799827 | 14922.447776048592 | 14774.445922297355 | 14626.444068546116 | 14465.57248838173 | 14317.570634630494 | 14169.568780879259 | 14021.566927128022 | 13873.565073376785 | 13725.563219625546 | 13577.561365874313 | 13429.559512123076 | 13281.557658371838 | 13133.555804620604
 |  |  |  | Coromandel | 0.05 | 265591.27544257086 | 265740.7606658037 | 265890.24588903645 | 266039.7311122692 | 266189.2163355021 | 266356.2880555858 | 265960.59187644004 | 265564.89569729444 | 265169.1995181488 | 264773.50333900313 | 264377.8071598575 | 263612.7945468425 | 262847.78193382756 | 262082.76932081266 | 261317.75670779767 | 260535.15759793177 | 259436.00154474942 | 258336.845491567 | 257237.68943838455 | 256138.5333852022 | 255048.1705804453 | 253949.0145272628 | 252849.8584740805 | 251750.70242089807 | 250651.54636771558 | 249552.3903145332 | 248453.23426135076 | 247354.07820816847 | 246254.92215498595 | 245155.76610180354
 |  |  |  | Cruzeiro da Fortaleza | 0.03 | 16614.892091330268 | 16633.120168226953 | 16651.34824512364 | 16669.576322020326 | 16687.80439891702 | 16715.146514262047 | 16710.589495037875 | 16706.032475813703 | 16701.47545658953 | 16696.918437365362 | 16683.247379692843 | 16646.79122589947 | 16610.3350721061 | 16573.878918312723 | 16537.422764519346 | 16505.523629950145 | 16450.839399260083 | 16396.15516857002 | 16341.47093787996 | 16286.786707189898 | 16232.102476499836 | 16177.418245809778 | 16122.734015119717 | 16068.049784429659 | 16013.365553739593 | 15958.681323049532 | 15903.99709235947 | 15849.312861669408 | 15794.628630979352 | 15739.944400289287
 |  |  |  | Guimarânia | 0.02 | 23024.609180973297 | 23237.823509184273 | 23451.037837395248 | 23664.252165606216 | 23877.466493817195 | 24088.142556216135 | 24273.435960494717 | 24458.729364773306 | 24644.022769051888 | 24829.316173330484 | 25012.07131179703 | 25159.29072889509 | 25306.51014599314 | 25453.729563091194 | 25600.94898018925 | 25753.244928911372 | 25859.852093016863 | 25966.459257122347 | 26073.06642122784 | 26179.673585333327 | 26281.20421781474 | 26387.811381920226 | 26494.41854602571 | 26601.025710131205 | 26707.63287423669 | 26814.240038342177 | 26920.84720244766 | 27027.454366553153 | 27134.061530658637 | 27240.668694764125
 |  |  |  | Lagoa Formosa | 0.02 | 86889.76310470105 | 87262.5111547616 | 87635.25920482213 | 88008.00725488266 | 88380.75530494323 | 88749.11808382657 | 88963.99637150852 | 89178.8746591905 | 89393.75294687244 | 89608.63123455443 | 89832.28006459073 | 89915.6002169572 | 89998.92036932368 | 90082.24052169015 | 90165.56067405666 | 90257.65136877747 | 90205.02811465127 | 90152.40486052507 | 90099.7816063989 | 90047.15835227272 | 89994.5350981465 | 89941.91184402032 | 89889.28858989415 | 89836.66533576792 | 89784.04208164172 | 89731.41882751553 | 89678.79557338933 | 89626.17231926315 | 89573.54906513695 | 89520.92581101076
 |  |  |  | Patos de Minas | 0.02 | 762296.6548428381 | 766394.1209163582 | 770491.5869898786 | 774589.0530633988 | 778686.5191369194 | 782779.5650744379 | 786885.8714199616 | 790992.177765485 | 795098.4841110087 | 799204.7904565323 | 803302.2565300524 | 806064.8415310776 | 808827.4265321025 | 811590.0115331276 | 814352.5965341524 | 817110.7613991759 | 818777.1526717944 | 820443.5439444126 | 822109.9352170308 | 823776.3264896488 | 825438.2976262658 | 827104.6888988841 | 828771.0801715025 | 830437.4714441209 | 832103.862716739 | 833770.2539893573 | 835436.6452619756 | 837103.0365345936 | 838769.4278072119 | 840435.8190798305
 |  |  |  | Presidente Olegário | 0.03 | 41821.31178924349 | 41709.712432752734 | 41598.11307626197 | 41486.51371977122 | 41374.914363280455 | 41258.93856143711 | 41064.18674324735 | 40869.4349250576 | 40674.68310686784 | 40479.93128867808 | 40282.991247812024 | 40016.028081304714 | 39749.0649147974 | 39482.1017482901 | 39215.13858178278 | 38943.79896992291 | 38654.9535766527 | 38366.10818338249 | 38077.26279011229 | 37788.41739684209 | 37503.94844892446 | 37215.103055654254 | 36926.25766238405 | 36637.41226911385 | 36348.566875843644 | 36059.72148257344 | 35770.87608930324 | 35482.030696033034 | 35193.185302762824 | 34904.33990949263
 |  |  |  | Rio Paranaíba | 0.03 | 66065.68147140704 | 66638.56708049061 | 67211.45268957419 | 67784.33829865776 | 68357.22390774134 | 68921.55898534607 | 69374.73715372561 | 69827.91532210517 | 70281.09349048471 | 70734.27165886425 | 71191.72509298324 | 71555.12268083477 | 71918.52026868628 | 72281.9178565378 | 72645.31544438933 | 73012.98829798028 | 73248.12791364892 | 73483.26752931754 | 73718.40714498618 | 73953.5467606548 | 74192.96164206287 | 74428.1012577315 | 74663.24087340014 | 74898.38048906878 | 75133.5201047374 | 75368.65972040605 | 75603.79933607468 | 75838.93895174332 | 76074.07856741195 | 76309.2181830806
 |  |  |  | Serra do Salitre | 0.03 | 53479.72208086571 | 53950.81557749108 | 54421.90907411643 | 54893.00257074179 | 55364.09606736713 | 55843.67773510284 | 56242.621777290085 | 56641.56581947733 | 57040.50986166457 | 57439.4539038518 | 57834.153860483864 | 58114.26350712597 | 58394.37315376805 | 58674.482800410166 | 58954.592447052266 | 59243.19026480473 | 59446.906371453544 | 59650.62247810235 | 59854.338584751145 | 60058.05469139995 | 60270.258969159106 | 60473.97507580791 | 60677.69118245672 | 60881.407289105526 | 61085.12339575432 | 61288.83950240313 | 61492.555609051924 | 61696.27171570073 | 61899.98782234955 | 62103.70392899832
 |  |  |  | Base de cálculo - Créditos de PIS/COFINS |  | 4028250.870769404 | 4028250.870769404 | 4028250.870769404 | 4028250.870769404 | 4028250.870769404 | 4028250.870769404 | 4028250.870769404 | 5231542.31769802 | 4994586.434526044 | 4994586.434526044 | 4994586.434526044 | 4994586.434526044 | 4994586.434526044 | 4994586.434526044 | 4994586.434526044 | 4994586.434526044 | 4994586.434526044 | 4994586.434526044 | 4994586.434526044 | 4994586.434526044 | 4994586.434526044 | 4994586.434526044 | 4994586.434526044 | 4994586.434526044 | 4994586.434526044 | 4994586.434526044 | 4994586.434526044 | 4994586.434526044 | 4994586.434526044 | 4994586.434526044
 |  |  |  | Despesa veículo coleta domiciliar |  | 3615856.3270134265 | 3615856.3270134265 | 3615856.3270134265 | 3615856.3270134265 | 3615856.3270134265 | 3615856.3270134265 | 3615856.3270134265 | 3615856.3270134265 | 3403158.8446508986 | 3403158.8446508986 | 3403158.8446508986 | 3403158.8446508986 | 3403158.8446508986 | 3403158.8446508986 | 3403158.8446508986 | 3403158.8446508986 | 3403158.8446508986 | 3403158.8446508986 | 3403158.8446508986 | 3403158.8446508986 | 3403158.8446508986 | 3403158.8446508986 | 3403158.8446508986 | 3403158.8446508986 | 3403158.8446508986 | 3403158.8446508986 | 3403158.8446508986 | 3403158.8446508986 | 3403158.8446508986 | 3403158.8446508986
 |  |  |  | Despesa veículo coleta rural |  | 412394.5437559774 | 412394.5437559774 | 412394.5437559774 | 412394.5437559774 | 412394.5437559774 | 412394.5437559774 | 412394.5437559774 | 412394.5437559774 | 388136.142946529 | 388136.142946529 | 388136.142946529 | 388136.142946529 | 388136.142946529 | 388136.142946529 | 388136.142946529 | 388136.142946529 | 388136.142946529 | 388136.142946529 | 388136.142946529 | 388136.142946529 | 388136.142946529 | 388136.142946529 | 388136.142946529 | 388136.142946529 | 388136.142946529 | 388136.142946529 | 388136.142946529 | 388136.142946529 | 388136.142946529 | 388136.142946529
 |  |  |  | Despesa veículo coleta seletiva |  | 0 | 0 | 0 | 0 | 0 | 0 | 0 | 1203291.446928616 | 1203291.446928616 | 1203291.446928616 | 1203291.446928616 | 1203291.446928616 | 1203291.446928616 | 1203291.446928616 | 1203291.446928616 | 1203291.446928616 | 1203291.446928616 | 1203291.446928616 | 1203291.446928616 | 1203291.446928616 | 1203291.446928616 | 1203291.446928616 | 1203291.446928616 | 1203291.446928616 | 1203291.446928616 | 1203291.446928616 | 1203291.446928616 | 1203291.446928616 | 1203291.446928616 | 1203291.446928616
 |  |  |  | PIS | 0.0165 | 66466.13936769517 | 66466.13936769517 | 66466.13936769517 | 66466.13936769517 | 66466.13936769517 | 66466.13936769517 | 66466.13936769517 | 86320.44824201733 | 82410.67616967973 | 82410.67616967973 | 82410.67616967973 | 82410.67616967973 | 82410.67616967973 | 82410.67616967973 | 82410.67616967973 | 82410.67616967973 | 82410.67616967973 | 82410.67616967973 | 82410.67616967973 | 82410.67616967973 | 82410.67616967973 | 82410.67616967973 | 82410.67616967973 | 82410.67616967973 | 82410.67616967973 | 82410.67616967973 | 82410.67616967973 | 82410.67616967973 | 82410.67616967973 | 82410.67616967973
 |  |  |  | COFINS | 0.076 | 306147.0661784747 | 306147.0661784747 | 306147.0661784747 | 306147.0661784747 | 306147.0661784747 | 306147.0661784747 | 306147.0661784747 | 397597.2161450495 | 379588.5690239793 | 379588.5690239793 | 379588.5690239793 | 379588.5690239793 | 379588.5690239793 | 379588.5690239793 | 379588.5690239793 | 379588.5690239793 | 379588.5690239793 | 379588.5690239793 | 379588.5690239793 | 379588.5690239793 | 379588.5690239793 | 379588.5690239793 | 379588.5690239793 | 379588.5690239793 | 379588.5690239793 | 379588.5690239793 | 379588.5690239793 | 379588.5690239793 | 379588.5690239793 | 379588.5690239793
 |  |  |  | Amortização do Ativo Intangível |  | 1493138.8165 | 1680747.3541720808 | 1768652.9946227835 | 1793261.7279543802 | 1735293.4577782939 | 1682385.441300767 | 1760449.1450007411 | 1704395.8248316343 | 2280340.084681421 | 2267666.0401959904 | 3075863.140948783 | 2971848.445361143 | 2871351.1549383025 | 2783709.605964828 | 2896352.771016742 | 2813364.9397456446 | 3713854.0192090427 | 3763594.9745512865 | 3636323.646909456 | 3636375.9087706646 | 4202288.366140739 | 4060181.9962712456 | 4327749.050817629 | 4541411.269384874 | 6722551.565251087 | 6524085.92762424 | 6303464.6643712465 | 6090304.023547098 | 5884351.7135720765 | 8034166.056465776
 |  | APURAÇÃO DO IMPOSTO DE RENDA E CSLL  - DESALAVANCADO |  |  |  | 1 | 2 | 3 | 4 | 5 | 6 | 7 | 8 | 9 | 10 | 11 | 12 | 13 | 14 | 15 | 16 | 17 | 18 | 19 | 20 | 21 | 22 | 23 | 24 | 25 | 26 | 27 | 28 | 29 | 30
 |  |  |  | Resultado antes do IR/CS |  | -12322731.514509715 | -1258966.9749332198 | 3531713.785877061 | 4229195.438007537 | 15866639.530727036 | 16596547.309274172 | 16838357.82703332 | 13885698.908617338 | 20896276.759087108 | 20242062.36102513 | 11881790.792581243 | 12164262.527314156 | 12375382.293377277 | 12567190.748358037 | 12415400.161320444 | 12765087.315803824 | 18456213.086122293 | 11910801.61232696 | 12097623.457032137 | 13520547.605195008 | 11610559.702588763 | 11828359.25775505 | 11595141.432249432 | 11441483.70393494 | 15721007.820197888 | 9564410.687819004 | 9843034.930048669 | 10107796.580918467 | 10359453.104928117 | 8114258.072771055
 |  |  |  | Imposto de Renda
 |  |  |  | Compensação de Prejuízos Fiscais |  | 0 | 0 | 1059514.1357631183 | 1268758.631402261 | 4759991.85921811 | 4978964.192782251 | 1802469.6702771941 | 0 | 0 | 0 | 0 | 0 | 0 | 0 | 0 | 0 | 0 | 0 | 0 | 0 | 0 | 0 | 0 | 0 | 0 | 0 | 0 | 0 | 0 | 0
 |  |  |  | Base de Cálculo após compensações |  | -12322731.514509715 | -1258966.9749332198 | 2472199.650113943 | 2960436.806605276 | 11106647.671508927 | 11617583.116491921 | 15035888.156756125 | 13885698.908617338 | 20896276.759087108 | 20242062.36102513 | 11881790.792581243 | 12164262.527314156 | 12375382.293377277 | 12567190.748358037 | 12415400.161320444 | 12765087.315803824 | 18456213.086122293 | 11910801.61232696 | 12097623.457032137 | 13520547.605195008 | 11610559.702588763 | 11828359.25775505 | 11595141.432249432 | 11441483.70393494 | 15721007.820197888 | 9564410.687819004 | 9843034.930048669 | 10107796.580918467 | 10359453.104928117 | 8114258.072771055
 |  |  |  | IRPJ Diferido - Prejuízos Fiscais |  | 0 | 3056682.878627429 | 3347424.622360734 | 3106546.0884199543 | 2813356.430569389 | 1647358.4657648613 | 426617.41756929853 | 0 | 0 | 0 | 0 | 0 | 0 | 0 | 0 | 0 | 0 | 0 | 0 | 0 | 0 | 0 | 0 | 0 | 0 | 0 | 0 | 0 | 0 | 0
 |  |  |  | Adições |  | 3056682.878627429 | 290741.74373330496 | 0 | 0 | 0 | 0 | 0 | 0 | 0 | 0 | 0 | 0 | 0 | 0 | 0 | 0 | 0 | 0 | 0 | 0 | 0 | 0 | 0 | 0 | 0 | 0 | 0 | 0 | 0 | 0
 |  |  |  | Baixas |  | 0 | 0 | -240878.53394077957 | -293189.6578505653 | -1165997.9648045276 | -1220741.0481955628 | -426617.41756929853 | 0 | 0 | 0 | 0 | 0 | 0 | 0 | 0 | 0 | 0 | 0 | 0 | 0 | 0 | 0 | 0 | 0 | 0 | 0 | 0 | 0 | 0 | 0
 |  |  |  | Máxima Economia de IRPJ Permitida por Lei |  | 0 | 0 | 240878.53394077957 | 293189.6578505653 | 1165997.9648045276 | 1220741.0481955628 | 1238876.8370274988 | 1017427.4181463004 | 1543220.756931533 | 1494154.6770768845 | 867134.3094435933 | 888319.6895485616 | 904153.6720032957 | 918539.3061268528 | 907155.0120990333 | 933381.5486852868 | 1360215.981459172 | 869310.1209245219 | 883321.7592774103 | 990041.0703896256 | 846791.9776941572 | 863126.9443316287 | 845635.6074187075 | 834111.2777951205 | 1155075.5865148415 | 693330.8015864253 | 714227.6197536502 | 734084.743568885 | 752958.9828696088 | 584569.3554578291
 |  |  |  | Apuração IRPJ
 |  |  |  | Provisão IRPJ |  | 0 | 0 | -858928.4464692653 | -1033298.8595018843 | -3942659.882681759 | -4125136.8273185426 | -4185589.4567583296 | -3447424.7271543345 | -5200069.189771777 | -5036515.590256282 | -2946447.698145311 | -3017065.631828539 | -3069845.573344319 | -3117797.6870895093 | -3079850.040330111 | -3167271.828950956 | -4590053.271530573 | -2953700.40308174 | -3000405.864258034 | -3356136.901298752 | -2878639.925647191 | -2933089.8144387626 | -2874785.358062358 | -2836370.925983735 | -3906251.955049472 | -2367102.671954751 | -2436758.732512167 | -2502949.1452296167 | -2565863.2762320293 | -2004564.5181927637
 |  |  |  | Provisão IRPJ após compensação  |  | 0 | 0 | -594049.9125284858 | -716109.201651319 | -2752661.9178772317 | -2880395.7791229803 | -3734972.0391890313 | -3447424.7271543345 | -5200069.189771777 | -5036515.590256282 | -2946447.698145311 | -3017065.631828539 | -3069845.573344319 | -3117797.6870895093 | -3079850.040330111 | -3167271.828950956 | -4590053.271530573 | -2953700.40308174 | -3000405.864258034 | -3356136.901298752 | -2878639.925647191 | -2933089.8144387626 | -2874785.358062358 | -2836370.925983735 | -3906251.955049472 | -2367102.671954751 | -2436758.732512167 | -2502949.1452296167 | -2565863.2762320293 | -2004564.5181927637
 |  |  |  | IRPJ Diferido - Prejuízos Fiscais |  | 3056682.878627429 | 290741.74373330496 | -240878.53394077957 | -293189.6578505653 | -1165997.9648045276 | -1220741.0481955628 | -426617.41756929853 | 0 | 0 | 0 | 0 | 0 | 0 | 0 | 0 | 0 | 0 | 0 | 0 | 0 | 0 | 0 | 0 | 0 | 0 | 0 | 0 | 0 | 0 | 0
 |  |  |  | CSLL | 0.09
 |  |  |  | Compensação de Prejuízos Fiscais |  | 0 | 0 | 1059514.1357631183 | 1268758.631402261 | 4759991.85921811 | 4978964.192782251 | 1514469.6702771957 | 0 | 0 | 0 | 0 | 0 | 0 | 0 | 0 | 0 | 0 | 0 | 0 | 0 | 0 | 0 | 0 | 0 | 0 | 0 | 0 | 0 | 0 | 0
 |  |  |  | Base de Cálculo após compensações |  | -12322731.514509715 | -1258966.9749332198 | 2472199.650113943 | 2960436.806605276 | 11106647.671508927 | 11617583.116491921 | 15323888.156756124 | 13885698.908617338 | 20896276.759087108 | 20242062.36102513 | 11881790.792581243 | 12164262.527314156 | 12375382.293377277 | 12567190.748358037 | 12415400.161320444 | 12765087.315803824 | 18456213.086122293 | 11910801.61232696 | 12097623.457032137 | 13520547.605195008 | 11610559.702588763 | 11828359.25775505 | 11595141.432249432 | 11441483.70393494 | 15721007.820197888 | 9564410.687819004 | 9843034.930048669 | 10107796.580918467 | 10359453.104928117 | 8114258.072771055
 |  |  |  | CSLL Diferido - Prejuízos Fiscais |  | 0 | 1109045.8363058744 | 1222352.8640498642 | 1126996.5918311835 | 1012808.3150049801 | 584409.0476753502 | 136302.2703249476 | 0 | 0 | 0 | 0 | 0 | 0 | 0 | 0 | 0 | 0 | 0 | 0 | 0 | 0 | 0 | 0 | 0 | 0 | 0 | 0 | 0 | 0 | 0
 |  |  |  | Adições |  | 1109045.8363058744 | 113307.02774398978 | 0 | 0 | 0 | 0 | 0 | 0 | 0 | 0 | 0 | 0 | 0 | 0 | 0 | 0 | 0 | 0 | 0 | 0 | 0 | 0 | 0 | 0 | 0 | 0 | 0 | 0 | 0 | 0
 |  |  |  | Baixas |  | 0 | 0 | -95356.27221868063 | -114188.2768262035 | -428399.2673296299 | -448106.7773504026 | -136302.2703249476 | 0 | 0 | 0 | 0 | 0 | 0 | 0 | 0 | 0 | 0 | 0 | 0 | 0 | 0 | 0 | 0 | 0 | 0 | 0 | 0 | 0 | 0 | 0
 |  |  |  | Apuração CSLL
 |  |  |  | Provisão CSLL |  | 0 | 0 | -317854.24072893546 | -380627.5894206783 | -1427997.557765433 | -1493689.2578346755 | -1515452.2044329986 | -1249712.9017755603 | -1880664.9083178397 | -1821785.6124922615 | -1069361.1713323118 | -1094783.6274582741 | -1113784.4064039548 | -1131047.1673522233 | -1117386.01451884 | -1148857.858422344 | -1661059.1777510063 | -1071972.1451094262 | -1088786.1111328923 | -1216849.2844675507 | -1044950.3732329886 | -1064552.3331979546 | -1043562.7289024489 | -1029733.5333541445 | -1414890.70381781 | -860796.9619037104 | -885873.1437043801 | -909701.6922826619 | -932350.7794435305 | -730283.2265493949
 |  |  |  | Provisão CSLL após compensação  |  | 0 | 0 | -222497.96851025487 | -266439.3125944749 | -999598.2904358034 | -1045582.4804842728 | -1379149.934108051 | -1249712.9017755603 | -1880664.9083178397 | -1821785.6124922615 | -1069361.1713323118 | -1094783.6274582741 | -1113784.4064039548 | -1131047.1673522233 | -1117386.01451884 | -1148857.858422344 | -1661059.1777510063 | -1071972.1451094262 | -1088786.1111328923 | -1216849.2844675507 | -1044950.3732329886 | -1064552.3331979546 | -1043562.7289024489 | -1029733.5333541445 | -1414890.70381781 | -860796.9619037104 | -885873.1437043801 | -909701.6922826619 | -932350.7794435305 | -730283.2265493949
 |  |  |  | CSLL Diferido - Prejuízos Fiscais |  | 1109045.8363058744 | 113307.02774398978 | -95356.27221868063 | -114188.2768262035 | -428399.2673296299 | -448106.7773504026 | -136302.2703249476 | 0 | 0 | 0 | 0 | 0 | 0 | 0 | 0 | 0 | 0 | 0 | 0 | 0 | 0 | 0 | 0 | 0 | 0 | 0 | 0 | 0 | 0 | 0
 |  |  |  | Somatório dos impostos LR |  | 5291912.171694894 | 5659973.972795949 | 6600293.901114976 | 6844006.604805464 | 9667563.57360875 | 9889813.387532983 | 11116474.909043467 | 10613489.054682177 | 13749734.267008085 | 13476132.438250836 | 10029979.662871642 | 10140834.697673349 | 10227430.06312733 | 10307459.582813306 | 10270665.428213041 | 10404452.171083972 | 13017585.051469017 | 10126074.361389205 | 10195633.45333265 | 10841081.735154103 | 10042101.009638388 | 10122192.52313861 | 10048938.127210384 | 10002734.164327143 | 12135922.482333304 | 9376608.66833509 | 9477380.575436862 | 9573439.201476278 | 9665042.084383242 | 8907715.438193528
 |  | APURAÇÃO DO IMPOSTO DE RENDA E CSLL  - ALAVANCADO |  |  |  | 0 | 0 | 0 | 0 | 0 | 0 | 0 | 0 | 0 | 0 | 0 | 0 | 0 | 0 | 0 | 0 | 0 | 0 | 0 | 0 | 0 | 0 | 0 | 0 | 0 | 0 | 0 | 0 | 0 | 0
 |  |  |  | Resultado antes do IR/CS |  | -12743796.660762716 | -5445498.498140786 | 3531713.785877061 | 3926381.246756337 | 15866639.530727036 | 16037833.03887267 | 16291537.87798645 | 11223882.761067212 | 18507473.18766296 | 17447324.050739184 | 9752743.288880296 | 10174963.615872763 | 10533155.436133724 | 10879743.427234892 | 10037965.767784582 | 10660240.726357732 | 16569638.777857998 | 10253967.343935736 | 10682599.80979447 | 12360039.687637001 | 10987596.90303475 | 11164776.385619052 | 12049925.564674461 | 11059683.356223086 | 15392185.518625792 | 9295920.486032577 | 9638082.881659709 | 9969759.109537465 | 10291886.057642456 | 8470932.363709584
 |  |  |  | Imposto de Renda
 |  |  |  | Compensação de Prejuízos Fiscais |  | 0 | 0 | 1126714.1357631183 | 1245114.374026901 | 4827191.85921811 | 4878549.911661801 | 4954661.363395935 | 1541063.5148376347 | 0 | 0 | 0 | 0 | 0 | 0 | 0 | 0 | 0 | 0 | 0 | 0 | 0 | 0 | 0 | 0 | 0 | 0 | 0 | 0 | 0 | 0
 |  |  |  | Base de Cálculo após compensações |  | -12743796.660762716 | -5445498.498140786 | 2404999.650113943 | 2681266.872729436 | 11039447.671508927 | 11159283.12721087 | 11336876.514590515 | 9682819.246229578 | 18507473.18766296 | 17447324.050739184 | 9752743.288880296 | 10174963.615872763 | 10533155.436133724 | 10879743.427234892 | 10037965.767784582 | 10660240.726357732 | 16569638.777857998 | 10253967.343935736 | 10682599.80979447 | 12360039.687637001 | 10987596.90303475 | 11164776.385619052 | 12049925.564674461 | 11059683.356223086 | 15392185.518625792 | 9295920.486032577 | 9638082.881659709 | 9969759.109537465 | 10291886.057642456 | 8470932.363709584
 |  |  |  | IRPJ Diferido - Prejuízos Fiscais |  | 0 | 3161949.165190679 | 4499323.7897258755 | 4241645.2557850955 | 3954366.66227837 | 2771568.6974738427 | 1575931.2195583924 | 361265.8787094087 | 0 | 0 | 0 | 0 | 0 | 0 | 0 | 0 | 0 | 0 | 0 | 0 | 0 | 0 | 0 | 0 | 0 | 0 | 0 | 0 | 0 | 0
 |  |  |  | Adições |  | 3161949.165190679 | 1337374.6245351965 | 0 | 0 | 0 | 0 | 0 | 0 | 0 | 0 | 0 | 0 | 0 | 0 | 0 | 0 | 0 | 0 | 0 | 0 | 0 | 0 | 0 | 0 | 0 | 0 | 0 | 0 | 0 | 0
 |  |  |  | Baixas |  | 0 | 0 | -257678.53394077957 | -287278.5935067253 | -1182797.9648045276 | -1195637.4779154502 | -1214665.3408489837 | -361265.8787094087 | 0 | 0 | 0 | 0 | 0 | 0 | 0 | 0 | 0 | 0 | 0 | 0 | 0 | 0 | 0 | 0 | 0 | 0 | 0 | 0 | 0 | 0
 |  |  |  | Apuração IRPJ
 |  |  |  | Provisão IRPJ |  | 0 | 0 | -858928.4464692653 | -957595.3116890843 | -3942659.882681759 | -3985458.2597181676 | -4048884.4694966124 | -2781970.690266803 | -4602868.29691574 | -4337831.012684796 | -2414185.822220074 | -2519740.903968191 | -2609288.859033431 | -2695935.856808723 | -2485491.4419461456 | -2641060.181589433 | -4118409.6944644996 | -2539491.835983934 | -2646649.9524486177 | -3066009.9219092503 | -2722899.2257586876 | -2767194.096404763 | -2988481.3911686153 | -2740920.8390557715 | -3824046.379656448 | -2299980.1215081443 | -2385520.720414927 | -2468439.7773843664 | -2548971.514410614 | -2093733.090927396
 |  |  |  | Provisão IRPJ após compensação  |  | 0 | 0 | -577249.9125284858 | -646316.718182359 | -2735861.9178772317 | -2765820.7818027176 | -2810219.1286476287 | -2396704.8115573945 | -4602868.29691574 | -4337831.012684796 | -2414185.822220074 | -2519740.903968191 | -2609288.859033431 | -2695935.856808723 | -2485491.4419461456 | -2641060.181589433 | -4118409.6944644996 | -2539491.835983934 | -2646649.9524486177 | -3066009.9219092503 | -2722899.2257586876 | -2767194.096404763 | -2988481.3911686153 | -2740920.8390557715 | -3824046.379656448 | -2299980.1215081443 | -2385520.720414927 | -2468439.7773843664 | -2548971.514410614 | -2093733.090927396
 |  |  |  | IRPJ Diferido - Prejuízos Fiscais |  | 3161949.165190679 | 1337374.6245351965 | -257678.53394077957 | -287278.5935067253 | -1182797.9648045276 | -1195637.4779154502 | -1214665.3408489837 | -361265.8787094087 | 0 | 0 | 0 | 0 | 0 | 0 | 0 | 0 | 0 | 0 | 0 | 0 | 0 | 0 | 0 | 0 | 0 | 0 | 0 | 0 | 0 | 0
 |  |  |  | CSLL | 0.09
 |  |  |  | Compensação de Prejuízos Fiscais |  | 0 | 0 | 1059514.1357631183 | 1177914.374026901 | 4759991.85921811 | 4811349.911661801 | 4887461.363395934 | 1493063.5148376336 | 0 | 0 | 0 | 0 | 0 | 0 | 0 | 0 | 0 | 0 | 0 | 0 | 0 | 0 | 0 | 0 | 0 | 0 | 0 | 0 | 0 | 0
 |  |  |  | Base de Cálculo após compensações |  | -12322731.514509715 | -1258966.9749332198 | 2472199.650113943 | 3051281.063980636 | 11106647.671508927 | 11785197.39761237 | 11950896.463637386 | 12392635.393779704 | 20896276.759087108 | 20242062.36102513 | 11881790.792581243 | 12164262.527314156 | 12375382.293377277 | 12567190.748358037 | 12415400.161320444 | 12765087.315803824 | 18456213.086122293 | 11910801.61232696 | 12097623.457032137 | 13520547.605195008 | 11610559.702588763 | 11828359.25775505 | 11595141.432249432 | 11441483.70393494 | 15721007.820197888 | 9564410.687819004 | 9843034.930048669 | 10107796.580918467 | 10359453.104928117 | 8114258.072771055
 |  |  |  | CSLL Diferido - Prejuízos Fiscais |  | 0 | 1146941.6994686443 | 1637036.564301315 | 1541680.2920826343 | 1435667.998420213 | 1007268.7310905831 | 574247.2390410211 | 134375.71633538703 | 0 | 0 | 0 | 0 | 0 | 0 | 0 | 0 | 0 | 0 | 0 | 0 | 0 | 0 | 0 | 0 | 0 | 0 | 0 | 0 | 0 | 0
 |  |  |  | Adições |  | 1146941.6994686443 | 490094.8648326707 | 0 | 0 | 0 | 0 | 0 | 0 | 0 | 0 | 0 | 0 | 0 | 0 | 0 | 0 | 0 | 0 | 0 | 0 | 0 | 0 | 0 | 0 | 0 | 0 | 0 | 0 | 0 | 0
 |  |  |  | Baixas |  | 0 | 0 | -95356.27221868063 | -106012.29366242109 | -428399.2673296299 | -433021.49204956205 | -439871.52270563407 | -134375.71633538703 | 0 | 0 | 0 | 0 | 0 | 0 | 0 | 0 | 0 | 0 | 0 | 0 | 0 | 0 | 0 | 0 | 0 | 0 | 0 | 0 | 0 | 0
 |  |  |  | Apuração CSLL
 |  |  |  | Provisão CSLL |  | 0 | 0 | -317854.24072893546 | -353374.3122080703 | -1427997.557765433 | -1443404.9734985402 | -1466238.4090187803 | -1010149.448496049 | -1665672.5868896663 | -1570259.1645665264 | -877746.8959992266 | -915746.7254285486 | -947983.989252035 | -979176.9084511403 | -903416.9191006124 | -959421.6653721959 | -1491267.4900072198 | -922857.0609542162 | -961433.9828815024 | -1112403.5718873302 | -988883.7212731275 | -1004829.8747057146 | -1084493.3008207015 | -995371.5020600777 | -1385296.6966763213 | -836632.843742932 | -867427.4593493738 | -897278.3198583719 | -926269.745187821 | -762383.9127338625
 |  |  |  | Provisão CSLL após compensação  |  | 0 | 0 | -222497.96851025487 | -274615.29575825727 | -999598.2904358034 | -1060667.7657851132 | -1075580.6817273647 | -1115337.1854401734 | -1880664.9083178397 | -1821785.6124922615 | -1069361.1713323118 | -1094783.6274582741 | -1113784.4064039548 | -1131047.1673522233 | -1117386.01451884 | -1148857.858422344 | -1661059.1777510063 | -1071972.1451094262 | -1088786.1111328923 | -1216849.2844675507 | -1044950.3732329886 | -1064552.3331979546 | -1043562.7289024489 | -1029733.5333541445 | -1414890.70381781 | -860796.9619037104 | -885873.1437043801 | -909701.6922826619 | -932350.7794435305 | -730283.2265493949
 |  |  |  | CSLL Diferido - Prejuízos Fiscais |  | 1146941.6994686443 | 490094.8648326707 | -95356.27221868063 | -106012.29366242109 | -428399.2673296299 | -433021.49204956205 | -439871.52270563407 | -134375.71633538703 | 0 | 0 | 0 | 0 | 0 | 0 | 0 | 0 | 0 | 0 | 0 | 0 | 0 | 0 | 0 | 0 | 0 | 0 | 0 | 0 | 0 | 0
 |  |  |  | Somatório dos impostos LR |  | 5291912.171694894 | 5659973.972795949 | 6583493.901114976 | 6782390.104500286 | 9650763.57360875 | 9790323.67551356 | 9888152.746121377 | 9428393.422749847 | 13152533.374152048 | 12777447.86067935 | 9497717.786946407 | 9643509.969813002 | 9766873.348816441 | 9885597.75253252 | 9676306.829829076 | 9878240.523722447 | 12545941.474402942 | 9711865.7942914 | 9841877.541523233 | 10550954.755764604 | 9886360.309749886 | 9956296.805104611 | 10162634.16031664 | 9907284.07739918 | 12053716.90694028 | 9309486.117888484 | 9426142.563339623 | 9538929.833631027 | 9648150.322561827 | 8996884.01092816
 |  | ¹ A alíquota (ISSQN) varia conforme o município. Fonte de dados alíquotas por município:
 |  | Arapuá -  Lei Complementar N° 007/2018 - Anexo I - item 7.09 - Arapuá/MG.
 |  | Coromandel -  Lei Complementar N° 124/2013, artigo 240, 7.09 e artigo 286, I. - Coromandel/MG.
 |  | Cruzeiro da Fortaleza -  Lei Complementar N° 1.057/2013 - Anexo II, 7.09, artigo 127, b.  - Cruzeiro da Fortaleza.
 |  | Guimarânia -  Lei N° 1.376/2017, Tabela 1, item 7.09 - Guimarânia.
 |  | Lagamar - Lei N° 1.418/2017, Lista de Serviços, Item 7.09 - Lagamar/MG.
 |  | Lagoa Formosa - Lei N° 2/97 - Artigo 167, Tabela II,  Lagoa Formosa/MG.
 |  | Patos de Minas -   item 7.10 - Anexo I - Lei Complementar N° 204, de 22 de dezembro de 2003 - Patos de Minas/MG.
 |  | Presidente Olegário - Lei Complementar N° 67, de 4/12/2017, Anexo II - Lista de Serviços, item 7.09. Presidente Olegário/MG.
 |  | Rio Paranaíba - Lei Complementar N° 83/2018. Tabela II - item 7.9. Rio Paranaíba/MG.
 |  | São Gonçalo do Abaeté - Lei Complementar n° 1830/2021. Anexo I, Tabela I, Lei Complementar n° 1830/2021.
 |  | São Gotardo - Lei n° 1.369/1998 - Tabela II - Item 12 - São Gotardo/MG.
 |  | Serra do Salitre - Lei Complementar N° 937/2017, de 26/12/2017, Tabela I item 7.9 Serra do Salitre/MG.
 |  | Tiros - Lei Complementar n° 1210/2009, art. 128. Anexo I, art. 135, Lei Complementar n° 1.210/2009.
[83 linhas]
