 |  | DEMONSTRATIVO DOS TRIBUTOS
 |  | APURAÇÃO  DO PIS, COFINS E ISS |  |  |  | 1 | 2 | 3 | 4 | 5 | 6 | 7 | 8 | 9 | 10 | 11 | 12 | 13 | 14 | 15 | 16 | 17 | 18 | 19 | 20 | 21 | 22 | 23 | 24 | 25 | 26 | 27 | 28 | 29 | 30
 |  |  |  | Base de cálculo PIS/COFINS |  | 3722524.9477499817 | 3739815.4983511996 | 3757106.048952416 | 3774396.5995536335 | 3791687.150154852 | 3808963.733107433 | 3823987.8723116135 | 3839012.0115157943 | 3854036.1507199747 | 3869060.2899241555 | 3884056.839320606 | 3892740.455734461 | 3901424.0721483156 | 3910107.6885621697 | 3918791.3049760265 | 3927516.1662604697 | 3931006.4496830367 | 3934496.733105603 | 3937987.016528171 | 3941477.299950737 | 3944978.310000995 | 3948468.593423563 | 3951958.876846129 | 3955449.1602686965 | 3958939.4436912625 | 3962429.7271138295 | 3965920.0105363964 | 3969410.2939589634 | 3972900.57738153 | 3976390.860804097
 |  |  |  | PIS | 0.0065 | 24196.41216037488 | 24308.800739282797 | 24421.189318190703 | 24533.577897098618 | 24645.966476006535 | 24758.264265198315 | 24855.921170025485 | 24953.578074852663 | 25051.234979679833 | 25148.891884507007 | 25246.36945558394 | 25302.812962273994 | 25359.25646896405 | 25415.6999756541 | 25472.14348234417 | 25528.85508069305 | 25551.541922939738 | 25574.22876518642 | 25596.91560743311 | 25619.60244967979 | 25642.359015006467 | 25665.045857253157 | 25687.732699499837 | 25710.419541746527 | 25733.106383993207 | 25755.79322623989 | 25778.480068486577 | 25801.16691073326 | 25823.853752979943 | 25846.540595226626
 |  |  |  | COFINS | 0.03 | 111675.74843249944 | 112194.46495053598 | 112713.18146857248 | 113231.897986609 | 113750.61450464555 | 114268.911993223 | 114719.6361693484 | 115170.36034547382 | 115621.08452159923 | 116071.80869772466 | 116521.70517961818 | 116782.21367203383 | 117042.72216444947 | 117303.23065686508 | 117563.7391492808 | 117825.48498781408 | 117930.19349049109 | 118034.9019931681 | 118139.61049584513 | 118244.31899852211 | 118349.34930002985 | 118454.05780270688 | 118558.76630538386 | 118663.47480806088 | 118768.18331073788 | 118872.89181341488 | 118977.60031609189 | 119082.3088187689 | 119187.01732144589 | 119291.7258241229
 |  |  |  | Arapuá | 0.03 | 888.0078219450601 | 882.9661424109285 | 877.9244628767967 | 872.882783342665 | 867.8411038085333 | 862.7994242744016 | 856.4132968645014 | 850.0271694546013 | 843.6410420447013 | 837.2549146348011 | 831.5410111627851 | 824.1465478460586 | 816.7520845293323 | 809.3576212126059 | 801.9631578958794 | 794.904806548095 | 787.1742312624265 | 779.4436559767579 | 771.7130806910892 | 763.9825054054206 | 755.579706181868 | 747.8491308961993 | 740.1185556105307 | 732.3879803248622 | 724.6574050391935 | 716.926829753525 | 709.1962544678564 | 701.4656791821878 | 693.7351038965194 | 686.0045286108507
 |  |  |  | Coromandel | 0.05 | 17317.406654966966 | 17327.15357302863 | 17336.90049109029 | 17346.647409151952 | 17356.394327213617 | 17367.287941517825 | 17341.487276060485 | 17315.686610603145 | 17289.885945145805 | 17264.085279688465 | 17238.284614231125 | 17188.403327680266 | 17138.522041129407 | 17088.640754578544 | 17038.759468027692 | 16987.731485234282 | 16916.062970075 | 16844.394454915724 | 16772.725939756445 | 16701.057424597166 | 16629.96225755916 | 16558.293742399877 | 16486.6252272406 | 16414.956712081326 | 16343.288196922045 | 16271.619681762764 | 16199.951166603485 | 16128.282651444206 | 16056.614136284925 | 15984.945621125646
 |  |  |  | Cruzeiro da Fortaleza | 0.03 | 1225.4642387629403 | 1226.808686638709 | 1228.1531345144774 | 1229.497582390246 | 1230.8420302660143 | 1232.858702079667 | 1232.5225901107249 | 1232.1864781417826 | 1231.8503661728405 | 1231.5142542038984 | 1230.5059182970722 | 1227.8170225455353 | 1225.1281267939983 | 1222.4392310424619 | 1219.7503352909243 | 1217.39755150833 | 1213.3642078810244 | 1209.330864253719 | 1205.2975206264136 | 1201.2641769991085 | 1197.2308333718029 | 1193.1974897444977 | 1189.1641461171926 | 1185.1308024898872 | 1181.0974588625818 | 1177.0641152352764 | 1173.030771607971 | 1168.9974279806659 | 1164.9640843533605 | 1160.9307407260549
 |  |  |  | Guimarânia | 0.02 | 1951.9941971210271 | 1970.0702099705663 | 1988.146222820105 | 2006.2222356696436 | 2024.2982485191824 | 2042.15907073956 | 2057.867986668326 | 2073.5769025970917 | 2089.2858185258574 | 2104.9947344546235 | 2120.488459754228 | 2132.9695162455764 | 2145.4505727369246 | 2157.931629228273 | 2170.412685719621 | 2183.3241234692914 | 2192.3621298940607 | 2201.4001363188304 | 2210.4381427435997 | 2219.476149168369 | 2228.083774334816 | 2237.121780759586 | 2246.159787184355 | 2255.1977936091243 | 2264.2358000338936 | 2273.273806458663 | 2282.3118128834326 | 2291.349819308202 | 2300.387825732971 | 2309.425832157741
 |  |  |  | Lagoa Formosa | 0.02 | 4544.127869971069 | 4563.621706094394 | 4583.115542217717 | 4602.6093783410415 | 4622.103214464365 | 4641.36771133918 | 4652.605334516155 | 4663.842957693129 | 4675.080580870104 | 4686.31820404708 | 4698.014505721074 | 4702.3719514427585 | 4706.729397164443 | 4711.086842886127 | 4715.444288607811 | 4720.260412826515 | 4717.508341844398 | 4714.756270862281 | 4712.004199880166 | 4709.252128898049 | 4706.500057915933 | 4703.747986933817 | 4700.995915951701 | 4698.243844969584 | 4695.491773987468 | 4692.739703005352 | 4689.987632023235 | 4687.235561041119 | 4684.483490059002 | 4681.731419076886
 |  |  |  | Patos de Minas | 0.02 | 48801.4178569072 | 49063.73325962872 | 49326.04866235024 | 49588.36406507176 | 49850.67946779328 | 50112.711898127825 | 50375.593245623284 | 50638.474593118735 | 50901.355940614194 | 51164.23728810966 | 51426.55269083117 | 51603.41043268765 | 51780.268174544115 | 51957.12591640058 | 52133.98365825706 | 52310.55842772655 | 52417.23901761438 | 52523.919607502205 | 52630.60019739003 | 52737.28078727786 | 52843.6784047787 | 52950.35899466654 | 53057.03958455436 | 53163.72017444217 | 53270.40076433 | 53377.08135421782 | 53483.761944105645 | 53590.44253399348 | 53697.1231238813 | 53803.80371376911
 |  |  |  | Presidente Olegário | 0.03 | 6574.697576275897 | 6557.153123764906 | 6539.608671253914 | 6522.064218742922 | 6504.519766231931 | 6486.2872959754095 | 6455.670506299367 | 6425.053716623321 | 6394.436926947278 | 6363.820137271234 | 6332.8593387224255 | 6290.890256245152 | 6248.921173767876 | 6206.952091290603 | 6164.9830088133285 | 6122.325908590526 | 6076.916737385606 | 6031.507566180687 | 5986.098394975768 | 5940.689223770849 | 5895.968070311459 | 5850.558899106539 | 5805.14972790162 | 5759.740556696701 | 5714.3313854917815 | 5668.922214286861 | 5623.513043081944 | 5578.103871877023 | 5532.694700672104 | 5487.2855294671845
 |  |  |  | Rio Paranaíba | 0.03 | 5315.969110830444 | 5362.066299780891 | 5408.163488731339 | 5454.260677681789 | 5500.357866632237 | 5545.767037837157 | 5582.231978350197 | 5618.696918863239 | 5655.161859376281 | 5691.626799889322 | 5728.435749275126 | 5757.676503460113 | 5786.917257645099 | 5816.158011830084 | 5845.398766015071 | 5874.983529072821 | 5893.904017074871 | 5912.824505076921 | 5931.744993078971 | 5950.6654810810205 | 5969.929977955835 | 5988.850465957884 | 6007.770953959935 | 6026.691441961984 | 6045.611929964033 | 6064.532417966084 | 6083.4529059681345 | 6102.373393970183 | 6121.293881972233 | 6140.214369974282
 |  |  |  | Serra do Salitre | 0.03 | 4334.8558057059745 | 4373.040790582839 | 4411.225775459701 | 4449.410760336566 | 4487.59574521343 | 4526.468747835823 | 4558.805581875689 | 4591.142415915557 | 4623.479249955424 | 4655.816083995291 | 4687.808909162393 | 4710.513494764852 | 4733.218080367312 | 4755.9226659697715 | 4778.627251572231 | 4802.01985492022 | 4818.5322808129185 | 4835.044706705615 | 4851.557132598314 | 4868.069558491013 | 4885.270002129239 | 4901.7824280219365 | 4918.294853914635 | 4934.807279807333 | 4951.319705700031 | 4967.832131592728 | 4984.344557485426 | 5000.856983378125 | 5017.369409270823 | 5033.88183516352
 |  |  |  | ISS¹ |  | 90953.94113248657 | 91326.61379190059 | 91699.28645131458 | 92071.95911072858 | 92444.63177014259 | 92817.70782972685 | 93113.19779636874 | 93408.6877630106 | 93704.1777296525 | 93999.66769629437 | 94294.49119715742 | 94438.19905291796 | 94581.9069086785 | 94725.61476443904 | 94869.32262019963 | 95013.50609989664 | 95033.06393384468 | 95052.62176779273 | 95072.17960174079 | 95091.73743568885 | 95112.20308453882 | 95131.76091848688 | 95151.31875243492 | 95170.87658638298 | 95190.43442033103 | 95209.99225427909 | 95229.55008822713 | 95249.10792217519 | 95268.66575612323 | 95288.22359007128
 |  | APURAÇÃO DO IMPOSTO DE RENDA E CSLL  |  |  |  | 1 | 2 | 3 | 4 | 5 | 6 | 7 | 8 | 9 | 10 | 11 | 12 | 13 | 14 | 15 | 16 | 17 | 18 | 19 | 20 | 21 | 22 | 23 | 24 | 25 | 26 | 27 | 28 | 29 | 30
 |  |  |  | Base de cálculo |  | 1191207.9832799942 | 1196740.9594723838 | 1202273.9356647732 | 1207806.9118571628 | 1213339.8880495527 | 1218868.3945943785 | 1223676.1191397163 | 1228483.8436850542 | 1233291.568230392 | 1238099.2927757297 | 1242898.188582594 | 1245676.9458350276 | 1248455.703087461 | 1251234.4603398943 | 1254013.2175923286 | 1256805.1732033503 | 1257922.0638985718 | 1259038.954593793 | 1260155.8452890147 | 1261272.7359842358 | 1262393.0592003185 | 1263509.9498955403 | 1264626.8405907613 | 1265743.731285983 | 1266860.621981204 | 1267977.5126764255 | 1269094.4033716468 | 1270211.2940668683 | 1271328.1847620895 | 1272445.075457311
 |  |  |  | Imposto de Renda
 |  |  |  | Provisão IRPJ |  | -273801.99581999856 | -275185.23986809596 | -276568.4839161933 | -277951.7279642907 | -279334.97201238817 | -280717.09864859463 | -281919.02978492907 | -283120.96092126356 | -284322.892057598 | -285524.8231939324 | -286724.5471456485 | -287419.2364587569 | -288113.92577186524 | -288808.6150849736 | -289503.30439808214 | -290201.29330083757 | -290480.51597464294 | -290759.73864844826 | -291038.9613222537 | -291318.18399605894 | -291598.26480007963 | -291877.48747388506 | -292156.7101476903 | -292435.93282149575 | -292715.155495301 | -292994.3781691064 | -293273.6008429117 | -293552.82351671706 | -293832.0461905224 | -294111.26886432775
 |  |  |  | CSLL | 0.09
 |  |  |  | Provisão CSLL |  | -107208.71849519947 | -107706.68635251455 | -108204.65420982959 | -108702.62206714465 | -109200.58992445974 | -109698.15551349406 | -110130.85072257445 | -110563.54593165488 | -110996.24114073528 | -111428.93634981566 | -111860.83697243346 | -112110.92512515248 | -112361.01327787148 | -112611.10143059048 | -112861.18958330956 | -113112.46558830152 | -113212.98575087145 | -113313.50591344138 | -113414.02607601132 | -113514.54623858121 | -113615.37532802866 | -113715.89549059862 | -113816.41565316851 | -113916.93581573847 | -114017.45597830835 | -114117.9761408783 | -114218.4963034482 | -114319.01646601813 | -114419.53662858806 | -114520.05679115799
 |  | Somatório dos impostos |  |  |  | 607836.816040559 | 610721.8057023298 | 613606.7953641007 | 616491.7850258715 | 619376.7746876426 | 622260.1382502369 | 624738.6356432461 | 627217.1330362555 | 629695.6304292649 | 632174.1278222741 | 634647.9499504415 | 636053.3872711351 | 637458.8245918287 | 638864.2619125224 | 640269.6992332163 | 641681.6050575428 | 642208.3010727899 | 642734.997088037 | 643261.6931032841 | 643788.3891185309 | 644317.5515276835 | 644844.2475429305 | 645370.9435581774 | 645897.6395734246 | 646424.3355886715 | 646951.0316039185 | 647477.7276191656 | 648004.4236344126 | 648531.1196496596 | 649057.8156649065
 |  | ¹ A alíquota (ISSQN) varia conforme o município. Fonte de dados alíquotas por município:
 |  | Arapuá -  Lei Complementar N° 007/2018 - Anexo I - item 7.09 - Arapuá/MG.
 |  | Coromandel -  Lei Complementar N° 124/2013, artigo 240, 7.09 e artigo 286, I. - Coromandel/MG.
 |  | Cruzeiro da Fortaleza -  Lei Complementar N° 1.057/2013 - Anexo II, 7.09, artigo 127, b.  - Cruzeiro da Fortaleza.
 |  | Guimarânia -  Lei N° 1.376/2017, Tabela 1, item 7.09 - Guimarânia.
 |  | Lagamar - Lei N° 1.418/2017, Lista de Serviços, Item 7.09 - Lagamar/MG.
 |  | Lagoa Formosa - Lei N° 2/97 - Artigo 167, Tabela II,  Lagoa Formosa/MG.
 |  | Patos de Minas -   item 7.10 - Anexo I - Lei Complementar N° 204, de 22 de dezembro de 2003 - Patos de Minas/MG.
 |  | Presidente Olegário - Lei Complementar N° 67, de 4/12/2017, Anexo II - Lista de Serviços, item 7.09. Presidente Olegário/MG.
 |  | Rio Paranaíba - Lei Complementar N° 83/2018. Tabela II - item 7.9. Rio Paranaíba/MG.
 |  | São Gonçalo do Abaeté - Lei Complementar n° 1830/2021. Anexo I, Tabela I, Lei Complementar n° 1830/2021.
 |  | São Gotardo - Lei n° 1.369/1998 - Tabela II - Item 12 - São Gotardo/MG.
 |  | Serra do Salitre - Lei Complementar N° 937/2017, de 26/12/2017, Tabela I item 7.9 Serra do Salitre/MG.
 |  | Tiros - Lei Complementar n° 1210/2009, art. 128. Anexo I, art. 135, Lei Complementar n° 1.210/2009.
[36 linhas]
