 |  | CAPEX SPE
 |  |  | Un. | Quant. | Valor Unitário | Valor Total
 |  | Área Edificada
 |  | Portaria | m² | 20 | 3027.37 | 60547.399999999994
 |  | Prédio Administrativo | m² | 150 | 3027.37 | 454105.5
 |  | Refeitório | m² | 80 | 3027.37 | 242189.59999999998
 |  | Vestiário | m² | 30 | 3027.37 | 90821.09999999999
 |  | Oficina e Almoxarifado | m² | 200 | 3027.37 | 605474
 |  | Ponto de Abastecimento | m² | 80 | 3027.37 | 242189.59999999998
 |  | Área ao Ar Livre
 |  | Área de Lavagem e Lubrificação | m² | 60 | 1816.42 | 108985.20000000001
 |  | Vias de acesso | m² | 100 | 1816.42 | 181642
 |  | Áreas Verdes | m² | 50 | 1816.42 | 90821
 |  | Pátio de Estacionamento | m² | 600 | 1816.42 | 1089852
 |  | Total |  |  |  | 3166627.4000000004
 |  | CAPEX - SPE
 |  |  | TOTAL | 1 | 2 | 3 | 4 | 5 | 6 | 7 | 8 | 9 | 10 | 11 | 12 | 13 | 14 | 15 | 16 | 17 | 18 | 19 | 20 | 21 | 22 | 23 | 24 | 25 | 26 | 27 | 28 | 29 | 30 | 31 | 32 | 33 | 34 | 35
 |  | Infraestrutura SPE | 3166627.4000000004 | 3166627.4000000004 | 0 | 0 | 0 | 0 | 0 | 0 | 0 | 0 | 0 | 0 | 0 | 0 | 0 | 0 | 0 | 0 | 0 | 0 | 0 | 0 | 0 | 0 | 0 | 0 | 0 | 0 | 0 | 0 | 0 | 0 | 0 | 0 | 0 | 0
 |  | Total |  | 3166627.4000000004 | 0 | 0 | 0 | 0 | 0 | 0 | 0 | 0 | 0 | 0 | 0 | 0 | 0 | 0 | 0 | 0 | 0 | 0 | 0 | 0 | 0 | 0 | 0 | 0 | 0 | 0 | 0 | 0 | 0 | 0 | 0 | 0 | 0 | 0
 |  | CAPEX - SPE - POR MUNICÍPIO
 |  | COLETA | TOTAL | 1 | 2 | 3 | 4 | 5 | 6 | 7 | 8 | 9 | 10 | 11 | 12 | 13 | 14 | 15 | 16 | 17 | 18 | 19 | 20 | 21 | 22 | 23 | 24 | 25 | 26 | 27 | 28 | 29 | 30 | 31 | 32 | 33 | 34 | 35
 |  | Arapuá | 21619.114329620024 | 21619.114329620024 | 0 | 0 | 0 | 0 | 0 | 0 | 0 | 0 | 0 | 0 | 0 | 0 | 0 | 0 | 0 | 0 | 0 | 0 | 0 | 0 | 0 | 0 | 0 | 0 | 0 | 0 | 0 | 0 | 0 | 0 | 0 | 0 | 0 | 0
 |  | Coromandel | 273798.34192534676 | 273798.34192534676 | 0 | 0 | 0 | 0 | 0 | 0 | 0 | 0 | 0 | 0 | 0 | 0 | 0 | 0 | 0 | 0 | 0 | 0 | 0 | 0 | 0 | 0 | 0 | 0 | 0 | 0 | 0 | 0 | 0 | 0 | 0 | 0 | 0 | 0
 |  | Cruzeiro da Fortaleza | 32799.31904628979 | 32799.31904628979 | 0 | 0 | 0 | 0 | 0 | 0 | 0 | 0 | 0 | 0 | 0 | 0 | 0 | 0 | 0 | 0 | 0 | 0 | 0 | 0 | 0 | 0 | 0 | 0 | 0 | 0 | 0 | 0 | 0 | 0 | 0 | 0 | 0 | 0
 |  | Guimarânia | 87517.12927458622 | 87517.12927458622 | 0 | 0 | 0 | 0 | 0 | 0 | 0 | 0 | 0 | 0 | 0 | 0 | 0 | 0 | 0 | 0 | 0 | 0 | 0 | 0 | 0 | 0 | 0 | 0 | 0 | 0 | 0 | 0 | 0 | 0 | 0 | 0 | 0 | 0
 |  | Lagoa Formosa | 190071.13764878787 | 190071.13764878787 | 0 | 0 | 0 | 0 | 0 | 0 | 0 | 0 | 0 | 0 | 0 | 0 | 0 | 0 | 0 | 0 | 0 | 0 | 0 | 0 | 0 | 0 | 0 | 0 | 0 | 0 | 0 | 0 | 0 | 0 | 0 | 0 | 0 | 0
 |  | Patos de Minas | 2104054.251674671 | 2104054.251674671 | 0 | 0 | 0 | 0 | 0 | 0 | 0 | 0 | 0 | 0 | 0 | 0 | 0 | 0 | 0 | 0 | 0 | 0 | 0 | 0 | 0 | 0 | 0 | 0 | 0 | 0 | 0 | 0 | 0 | 0 | 0 | 0 | 0 | 0
 |  | Presidente Olegário | 171807.65108517444 | 171807.65108517444 | 0 | 0 | 0 | 0 | 0 | 0 | 0 | 0 | 0 | 0 | 0 | 0 | 0 | 0 | 0 | 0 | 0 | 0 | 0 | 0 | 0 | 0 | 0 | 0 | 0 | 0 | 0 | 0 | 0 | 0 | 0 | 0 | 0 | 0
 |  | Rio Paranaíba | 156525.73686199318 | 156525.73686199318 | 0 | 0 | 0 | 0 | 0 | 0 | 0 | 0 | 0 | 0 | 0 | 0 | 0 | 0 | 0 | 0 | 0 | 0 | 0 | 0 | 0 | 0 | 0 | 0 | 0 | 0 | 0 | 0 | 0 | 0 | 0 | 0 | 0 | 0
 |  | Serra do Salitre | 128434.71815353107 | 128434.71815353107 | 0 | 0 | 0 | 0 | 0 | 0 | 0 | 0 | 0 | 0 | 0 | 0 | 0 | 0 | 0 | 0 | 0 | 0 | 0 | 0 | 0 | 0 | 0 | 0 | 0 | 0 | 0 | 0 | 0 | 0 | 0 | 0 | 0 | 0
 |  | TOTAL | 3166627.400000001 | 3166627.400000001 | 0 | 0 | 0 | 0 | 0 | 0 | 0 | 0 | 0 | 0 | 0 | 0 | 0 | 0 | 0 | 0 | 0 | 0 | 0 | 0 | 0 | 0 | 0 | 0 | 0 | 0 | 0 | 0 | 0 | 0 | 0 | 0 | 0 | 0
 |  | Rateio - Por resíduos  (envio à CTR)
 |  | Municípios |  | %
 |  | Arapuá |  | 0.006827173392619549
 |  | Coromandel |  | 0.08646370644217465
 |  | Cruzeiro da Fortaleza |  | 0.010357808135649236
 |  | Guimarânia |  | 0.027637330894877687
 |  | Lagoa Formosa |  | 0.06002320880845907
 |  | Patos de Minas |  | 0.6644464238750258
 |  | Presidente Olegário |  | 0.054255720482041685
 |  | Rio Paranaíba |  | 0.04942979299111514
 |  | Serra do Salitre |  | 0.040558834978037216
 |  | TOTAL |  | 1
[43 linhas]
