 |  | CAPEX  Triagem e Tratamento
 |  | Unidade de Triagem Mecanizada - UTM
 |  | Descrição |  | Preço Total (R$)
 |  | Implantação |  | 10485523.31
 |  | Manutenção predial - ano 10 |  | 455595.99
 |  | Manutenção predial - ano 20 |  | 455595.99
 |  | Total |  | 11396715.290000001
 |  |  |  | Ano | % | Valor (em R$)
 |  | Implantação da UTM |  | 1 | 0.5 | 5242761.655
 |  |  |  | 2 | 0.5 | 5242761.655
 |  |  |  | 10 |  | 455595.99
 |  |  |  | 20 |  | 455595.99
 |  | Compostagem |  |  |  |  |  |  |  | Anos de Reinvestimentos
 |  | Descrição |  | Quantidade | Preço (R$) | Preço Total (R$)
Investimento Inicial | Reinvestimento
a cada 10 anos
(11 e 21) | Total Concessão |  | Ano
 |  | Peneira |  | 1 | 30833.33 | 30833.33 | 30833.33 | 92499.99
 |  | Triturador de galhos |  | 1 | 104613.1 | 104613.1 | 104613.1 | 313839.30000000005 |  | 11
 |  | Subtotal (reinvestimento a cada 10 anos) |  | 2 | 135446.43 | 135446.43 | 135446.43 | 406339.29000000004 |  | 21
 |  | Pátio |  | 1 | 324343.66 | 324343.66 | 0 | 324343.66 |  | 31 | (somente em cenário superior a 30 anos)
 |  | Total |  | 3 | 459790.08999999997 | 459790.08999999997 | 135446.43 | 730682.95
 |  |  |  | Ano |  | Valor (em R$)
 |  | Implantação Compostagem |  | 1 |  | 297618.26
 |  |  |  | 2 |  | 162171.83
 |  |  |  | 11 |  | 135446.43
 |  |  |  | 21 |  | 135446.43
 |  |  |  |  |  | 730682.95
 |  | CAPEX - Tratamento e Triagem
 |  |  |  | TOTAL | 1 | 2 | 3 | 4 | 5 | 6 | 7 | 8 | 9 | 10 | 11 | 12 | 13 | 14 | 15 | 16 | 17 | 18 | 19 | 20 | 21 | 22 | 23 | 24 | 25 | 26 | 27 | 28 | 29 | 30 | 31 | 32 | 33 | 34 | 35
 |  | Unidade de Triagem Mecanizada |  | 11396715.290000001 | 5242761.655 | 5242761.655 | 0 | 0 | 0 | 0 | 0 | 0 | 0 | 455595.99 | 0 | 0 | 0 | 0 | 0 | 0 | 0 | 0 | 0 | 455595.99 | 0 | 0 | 0 | 0 | 0 | 0 | 0 | 0 | 0 | 0 | 0 | 0 | 0 | 0 | 0
 |  | Compostagem |  | 730682.95 | 297618.26 | 162171.83 | 0 | 0 | 0 | 0 | 0 | 0 | 0 | 0 | 135446.43 | 0 | 0 | 0 | 0 | 0 | 0 | 0 | 0 | 0 | 135446.43 | 0 | 0 | 0 | 0 | 0 | 0 | 0 | 0 | 0 | 0 | 0 | 0 | 0 | 0
 |  | Total |  | 12127398.24 | 5540379.915 | 5404933.485 | 0 | 0 | 0 | 0 | 0 | 0 | 0 | 455595.99 | 135446.43 | 0 | 0 | 0 | 0 | 0 | 0 | 0 | 0 | 455595.99 | 135446.43 | 0 | 0 | 0 | 0 | 0 | 0 | 0 | 0 | 0 | 0 | 0 | 0 | 0 | 0
 |  | CAPEX - TRIAGEM E TRATAMENTO - POR MUNICÍPIO
 |  | COLETA |  | TOTAL | 1 | 2 | 3 | 4 | 5 | 6 | 7 | 8 | 9 | 10 | 11 | 12 | 13 | 14 | 15 | 16 | 17 | 18 | 19 | 20 | 21 | 22 | 23 | 24 | 25 | 26 | 27 | 28 | 29 | 30 | 31 | 32 | 33 | 34 | 35
 |  | Arapuá |  | 82795.85058582915 | 37825.13434069176 | 36900.41807767045 | 0 | 0 | 0 | 0 | 0 | 0 | 0 | 3110.432820712162 | 924.7162630213062 | 0 | 0 | 0 | 0 | 0 | 0 | 0 | 0 | 3110.432820712162 | 924.7162630213062 | 0 | 0 | 0 | 0 | 0 | 0 | 0 | 0 | 0 | 0 | 0 | 0 | 0 | 0
 |  | Coromandel |  | 1048579.8013307056 | 479041.7825486805 | 467330.58218652 | 0 | 0 | 0 | 0 | 0 | 0 | 0 | 39392.51793559193 | 11711.200362160556 | 0 | 0 | 0 | 0 | 0 | 0 | 0 | 0 | 39392.51793559193 | 11711.200362160556 | 0 | 0 | 0 | 0 | 0 | 0 | 0 | 0 | 0 | 0 | 0 | 0 | 0 | 0
 |  | Cruzeiro da Fortaleza |  | 125613.26415453022 | 57386.19215817462 | 55983.26402357598 | 0 | 0 | 0 | 0 | 0 | 0 | 0 | 4718.975851791168 | 1402.9281345986446 | 0 | 0 | 0 | 0 | 0 | 0 | 0 | 0 | 4718.975851791168 | 1402.9281345986446 | 0 | 0 | 0 | 0 | 0 | 0 | 0 | 0 | 0 | 0 | 0 | 0 | 0 | 0
 |  | Guimarânia |  | 335168.91805283725 | 153121.31299418933 | 149377.93518974943 | 0 | 0 | 0 | 0 | 0 | 0 | 0 | 12591.457130009385 | 3743.3778044398878 | 0 | 0 | 0 | 0 | 0 | 0 | 0 | 0 | 12591.457130009385 | 3743.3778044398878 | 0 | 0 | 0 | 0 | 0 | 0 | 0 | 0 | 0 | 0 | 0 | 0 | 0 | 0
 |  | Lagoa Formosa |  | 727925.3568628591 | 332551.38051623775 | 324421.4511659874 | 0 | 0 | 0 | 0 | 0 | 0 | 0 | 27346.33324006663 | 8129.929350250335 | 0 | 0 | 0 | 0 | 0 | 0 | 0 | 0 | 27346.33324006663 | 8129.929350250335 | 0 | 0 | 0 | 0 | 0 | 0 | 0 | 0 | 0 | 0 | 0 | 0 | 0 | 0
 |  | Patos de Minas |  | 8058006.391476282 | 3681285.6214307696 | 3591288.725390631 | 0 | 0 | 0 | 0 | 0 | 0 | 0 | 302719.126287302 | 89996.896040139 | 0 | 0 | 0 | 0 | 0 | 0 | 0 | 0 | 302719.126287302 | 89996.896040139 | 0 | 0 | 0 | 0 | 0 | 0 | 0 | 0 | 0 | 0 | 0 | 0 | 0 | 0
 |  | Presidente Olegário |  | 657980.7290838445 | 300597.3040325579 | 293248.56038618746 | 0 | 0 | 0 | 0 | 0 | 0 | 0 | 24718.68868617906 | 7348.743646370425 | 0 | 0 | 0 | 0 | 0 | 0 | 0 | 0 | 24718.68868617906 | 7348.743646370425 | 0 | 0 | 0 | 0 | 0 | 0 | 0 | 0 | 0 | 0 | 0 | 0 | 0 | 0
 |  | Rio Paranaíba |  | 599454.7845240142 | 273859.8322905821 | 267164.74329429655 | 0 | 0 | 0 | 0 | 0 | 0 | 0 | 22520.015473282165 | 6695.088996285567 | 0 | 0 | 0 | 0 | 0 | 0 | 0 | 0 | 22520.015473282165 | 6695.088996285567 | 0 | 0 | 0 | 0 | 0 | 0 | 0 | 0 | 0 | 0 | 0 | 0 | 0 | 0
 |  | Serra do Salitre |  | 491873.14392909897 | 224711.35468811684 | 219217.8052853826 | 0 | 0 | 0 | 0 | 0 | 0 | 0 | 18478.442575065492 | 5493.549402734269 | 0 | 0 | 0 | 0 | 0 | 0 | 0 | 0 | 18478.442575065492 | 5493.549402734269 | 0 | 0 | 0 | 0 | 0 | 0 | 0 | 0 | 0 | 0 | 0 | 0 | 0 | 0
 |  | TOTAL |  | 12127398.240000002 | 5540379.915000001 | 5404933.485000001 | 0 | 0 | 0 | 0 | 0 | 0 | 0 | 455595.98999999993 | 135446.43 | 0 | 0 | 0 | 0 | 0 | 0 | 0 | 0 | 455595.98999999993 | 135446.43 | 0 | 0 | 0 | 0 | 0 | 0 | 0 | 0 | 0 | 0 | 0 | 0 | 0 | 0
 |  | Rateio - Por resíduos  (envio à CTR)
 |  | Municípios |  |  | %
 |  | Arapuá |  |  | 0.006827173392619549
 |  | Coromandel |  |  | 0.08646370644217465
 |  | Cruzeiro da Fortaleza |  |  | 0.010357808135649236
 |  | Guimarânia |  |  | 0.027637330894877687
 |  | Lagoa Formosa |  |  | 0.06002320880845907
 |  | Patos de Minas |  |  | 0.6644464238750258
 |  | Presidente Olegário |  |  | 0.054255720482041685
 |  | Rio Paranaíba |  |  | 0.04942979299111514
 |  | Serra do Salitre |  |  | 0.040558834978037216
 |  | TOTAL |  |  | 1
[54 linhas]
