 |  | Demonstrativo Capital de Giro
 |  | Ano |  |  |  | 1 | 2 | 3 | 4 | 5 | 6 | 7 | 8 | 9 | 10 | 11 | 12 | 13 | 14 | 15 | 16 | 17 | 18 | 19 | 20 | 21 | 22 | 23 | 24 | 25 | 26 | 27 | 28 | 29 | 30
 |  | CONTAS A RECEBER |  |  |  | 458942.6752963149 | 461074.3927895893 | 463206.1102828636 | 465337.82777613803 | 467469.5452694125 | 469599.5407191485 | 471451.83687220945 | 473304.13302527054 | 475156.4291783316 | 477008.72533139255 | 478857.61999209336 | 479928.2057381017 | 480998.7914841099 | 482069.3772301182 | 483139.96297612676 | 484215.6337199566 | 484645.9438008773 | 485076.2538817978 | 485506.5639627185 | 485936.87404363905 | 486368.50658909074 | 486798.81667001144 | 487229.1267509319 | 487659.4368318526 | 488089.74691277306 | 488520.05699369364 | 488950.3670746143 | 489380.6771555349 | 489810.98723645543 | 490241.29731737607
 |  |  | Clientes |  |  | 458942.6752963149 | 461074.3927895893 | 463206.1102828636 | 465337.82777613803 | 467469.5452694125 | 469599.5407191485 | 471451.83687220945 | 473304.13302527054 | 475156.4291783316 | 477008.72533139255 | 478857.61999209336 | 479928.2057381017 | 480998.7914841099 | 482069.3772301182 | 483139.96297612676 | 484215.6337199566 | 484645.9438008773 | 485076.2538817978 | 485506.5639627185 | 485936.87404363905 | 486368.50658909074 | 486798.81667001144 | 487229.1267509319 | 487659.4368318526 | 488089.74691277306 | 488520.05699369364 | 488950.3670746143 | 489380.6771555349 | 489810.98723645543 | 490241.29731737607
 |  | CONTAS A PAGAR |  |  |  | 295120.8524275606 | 293981.148088103 | 219676.48711842432 | 220103.61937140283 | 109133.80431003546 | 109317.54993105656 | 109572.1978602378 | 109610.32976556863 | 110236.79993990238 | 109948.43957051831 | 126935.46535211563 | 126410.26642164767 | 126497.08443689701 | 126589.39326981055 | 126784.9369132664 | 126765.41132663863 | 127254.04931022333 | 126865.07936665483 | 126800.50008310829 | 126861.52327061363 | 127067.36944314557 | 126843.27383210837 | 126969.42409900179 | 126958.65964762378 | 127370.0557912607 | 126904.59643560176 | 126913.61020440856 | 126927.58513822111 | 126941.52929181782 | 127036.67785819733
 |  |  | Salários a Pagar |  |  | 102305.05988336116 | 101730.51453527181 | 70624.48436233785 | 70703.7745367207 | 24297.50163407813 | 24275.28317649333 | 24296.5382865121 | 24227.44200426622 | 24403.85725868021 | 24198.51687283611 | 31202.296080852688 | 30934.92806481818 | 30922.95261581758 | 30913.268466148093 | 30946.663847946103 | 30890.08971995692 | 31075.931818419216 | 30895.551146526264 | 30850.537581646557 | 30857.93749605399 | 30925.686950676205 | 30814.107770829884 | 30848.68499152718 | 30826.128171069642 | 30979.73751531701 | 30767.43807476677 | 30753.134637585154 | 30740.901477501517 | 30728.655472939652 | 30750.29579061153
 |  |  | Contas a pagar |  |  | 142856.4614890727 | 142054.17941732935 | 98618.42554020957 | 98729.14453843018 | 33928.47929933027 | 33897.45394991032 | 33927.13410267408 | 33830.649623852114 | 34076.9918773732 | 33790.259227434544 | 43570.17740400085 | 43196.83078038722 | 43180.108535457 | 43166.58580885981 | 43213.21836133746 | 43134.219534245436 | 43393.7252186397 | 43141.84574623602 | 43078.98982684106 | 43089.32289921083 | 43183.9266985359 | 43028.12006661689 | 43076.402912084886 | 43044.90508043627 | 43259.401679097704 | 42962.951563260875 | 42942.978568521154 | 42925.8964616892 | 42908.79641911964 | 42939.01446709915
 |  |  | Tributos |  |  | 49959.33105512673 | 50196.45413550182 | 50433.57721587688 | 50670.70029625197 | 50907.82337662705 | 51144.812804652924 | 51348.52547105161 | 51552.238137450295 | 51755.950803848966 | 51959.66347024766 | 52162.99186726208 | 52278.507576442265 | 52394.02328562244 | 52509.53899480264 | 52625.054703982845 | 52741.102072436275 | 52784.39227316441 | 52827.68247389254 | 52870.97267462068 | 52914.26287534881 | 52957.755793933466 | 53001.0459946616 | 53044.336195389726 | 53087.626396117856 | 53130.916596845986 | 53174.20679757412 | 53217.496998302246 | 53260.7871990304 | 53304.07739975852 | 53347.36760048666
 |  | CAPITAL DE GIRO |  |  |  | 163821.82286875427 | 167093.2447014863 | 243529.62316443928 | 245234.2084047352 | 358335.740959377 | 360281.99078809196 | 361879.63901197165 | 363693.80325970193 | 364919.6292384292 | 367060.2857608742 | 351922.1546399777 | 353517.939316454 | 354501.70704721287 | 355479.98396030767 | 356355.0260628604 | 357450.22239331796 | 357391.894490654 | 358211.1745151429 | 358706.06387961016 | 359075.3507730254 | 359301.13714594516 | 359955.5428379031 | 360259.7026519301 | 360700.7771842288 | 360719.6911215123 | 361615.4605580919 | 362036.75687020575 | 362453.0920173138 | 362869.45794463763 | 363204.61945917876
 |  | VARIAÇÃO DO CAPITAL DE GIRO |  |  |  | 163821.82286875427 | 3271.4218327320414 | 76436.37846295297 | 1704.5852402959135 | 113101.53255464183 | 1946.2498287149356 | 1597.6482238796889 | 1814.1642477302812 | 1225.8259787272546 | 2140.6565224450314 | -15138.13112089649 | 1595.7846764762653 | 983.7677307588747 | 978.2769130948 | 875.0421025527176 | 1095.1963304575766 | -58.32790266396478 | 819.2800244889222 | 494.8893644672353 | 369.2868934152648 | 225.78637291974155 | 654.4056919579161 | 304.15981402702164 | 441.07453229872044 | 18.91393728350522 | 895.7694365795469 | 421.2963121138746 | 416.33514710806776 | 416.3659273238154 | -362869.45794463763
 |  | Prazos Médios |  | Dias
 |  | Clientes |  | 45
 |  | Salários a Pagar |  | 30
 |  | Contas a Pagar |  | 15
 |  | Tributos a Pagar  |  | 30
 |  | % estimado do OPEX destinado a salários |  |  |  | 0.26366061471918023
[16 linhas]
