 |  | Demonstrativo Capital de Giro
 |  | Ano |  |  |  | 1 | 2 | 3 | 4 | 5 | 6 | 7 | 8 | 9 | 10 | 11 | 12 | 13 | 14 | 15 | 16 | 17 | 18 | 19 | 20 | 21 | 22 | 23 | 24 | 25 | 26 | 27 | 28 | 29 | 30
 |  | CONTAS A RECEBER |  |  |  | 5316192.09273553 | 5797194.275298298 | 5952498.264202985 | 6046393.000332898 | 6108467.440516071 | 6163444.83117262 | 6206757.631070203 | 6232451.78086103 | 6258145.93065186 | 6283840.080442687 | 6309528.448368342 | 6324973.79995184 | 6340419.151535337 | 6355864.503118833 | 6371309.854702327 | 6386839.775226918 | 6393703.682791991 | 6400567.590357066 | 6407431.497922141 | 6414295.405487215 | 6421139.77351344 | 6428003.681078515 | 6434867.588643591 | 6441731.496208666 | 6448595.40377374 | 6455459.311338814 | 6462323.218903889 | 6469187.126468962 | 6476051.034034039 | 6482914.941599112
 |  |  | Clientes |  |  | 5316192.09273553 | 5797194.275298298 | 5952498.264202985 | 6046393.000332898 | 6108467.440516071 | 6163444.83117262 | 6206757.631070203 | 6232451.78086103 | 6258145.93065186 | 6283840.080442687 | 6309528.448368342 | 6324973.79995184 | 6340419.151535337 | 6355864.503118833 | 6371309.854702327 | 6386839.775226918 | 6393703.682791991 | 6400567.590357066 | 6407431.497922141 | 6414295.405487215 | 6421139.77351344 | 6428003.681078515 | 6434867.588643591 | 6441731.496208666 | 6448595.40377374 | 6455459.311338814 | 6462323.218903889 | 6469187.126468962 | 6476051.034034039 | 6482914.941599112
 |  | CONTAS A PAGAR |  |  |  | 2807149.528789818 | 2784878.350314787 | 2668936.9456162173 | 2687875.5507065896 | 2294318.3338294476 | 2286688.478232268 | 2291852.122959828 | 2467214.161962485 | 2535916.656841661 | 2531934.5902852654 | 2538920.996233652 | 2537638.3274527513 | 2539878.3927953593 | 2542453.703886389 | 2552471.508234836 | 2546649.5914852587 | 2637056.652201535 | 2548689.5031075217 | 2549108.1804935895 | 2574981.624267465 | 2552024.5573363528 | 2551604.9255119907 | 2553332.337305961 | 2553727.439060813 | 2650934.9203864587 | 2540537.7629190194 | 2548566.7095342195 | 2556540.7254650723 | 2557734.1139806965 | 2509920.4491520943
 |  |  | Salários a Pagar |  |  | 989855.3664345134 | 967933.946290679 | 887193.8805644347 | 886735.4444002215 | 645915.2210818243 | 640227.4218135079 | 640397.2883109688 | 712302.542824871 | 701693.3793384882 | 704179.0454956582 | 738407.7998924961 | 737121.6839593147 | 737305.5928629887 | 737629.3986647401 | 741058.9313118757 | 737874.5938904432 | 739076.0284777728 | 738097.1347496252 | 737957.4937599266 | 741356.1986568035 | 738546.3945537809 | 738056.9300130876 | 738463.4193917372 | 738313.9403721967 | 742353.1670966401 | 738327.199893621 | 738221.0950372543 | 738253.7255365903 | 738414.1439229205 | 741631.9759061087
 |  |  | Contas a pagar |  |  | 1382211.5464867873 | 1351600.9734014107 | 1238857.379847028 | 1238217.2300019197 | 901941.3410332088 | 893999.027348449 | 894236.2250665333 | 994643.0889502803 | 979828.6940733145 | 983299.6218266564 | 1031095.8768690336 | 1029299.9737974897 | 1029556.7800125994 | 1030008.9350780532 | 1034797.8565555406 | 1030351.3201209622 | 1032028.976084921 | 1030662.0711211152 | 1030467.0796154176 | 1035212.9539227777 | 1031289.4073055048 | 1030605.9301403719 | 1031173.5426742287 | 1030964.8135671567 | 1036605.0980033709 | 1030983.3288616484 | 1030835.1664506723 | 1030880.7309386566 | 1031104.7355289969 | 1035598.0430086924
 |  |  | Tributos |  |  | 435082.6158685172 | 465343.43062269734 | 542885.6852047547 | 562922.8763044485 | 746461.7717144145 | 752462.0290703109 | 757218.6095823259 | 760268.5301873332 | 854394.5834298581 | 844455.9229629507 | 769417.3194721224 | 771216.6696959469 | 773016.0199197714 | 774815.3701435954 | 776614.7203674198 | 778423.6774738535 | 865951.6476388415 | 779930.2972367813 | 780683.6071182453 | 798412.4716878838 | 782188.7554770671 | 782942.0653585311 | 783695.3752399951 | 784448.6851214592 | 871976.6552864475 | 771227.2341637501 | 779510.4480462929 | 787406.2689898254 | 788215.2345287793 | 732690.4302372932
 |  | CAPITAL DE GIRO |  |  |  | 2509042.563945712 | 3012315.924983511 | 3283561.3185867677 | 3358517.449626309 | 3814149.1066866238 | 3876756.352940352 | 3914905.508110375 | 3765237.6188985454 | 3722229.2738101995 | 3751905.490157421 | 3770607.45213469 | 3787335.472499089 | 3800540.7587399776 | 3813410.799232444 | 3818838.3464674912 | 3840190.1837416594 | 3756647.030590456 | 3851878.0872495444 | 3858323.3174285516 | 3839313.78121975 | 3869115.2161770873 | 3876398.7555665243 | 3881535.2513376297 | 3888004.057147853 | 3797660.483387281 | 3914921.5484197945 | 3913756.5093696695 | 3912646.4010038897 | 3918316.9200533424 | 3972994.4924470177
 |  | VARIAÇÃO DO CAPITAL DE GIRO |  |  |  | 2509042.563945712 | 503273.36103779916 | 271245.39360325644 | 74956.13103954121 | 455631.6570603149 | 62607.2462537284 | 38149.155170022976 | -149667.88921182975 | -43008.34508834593 | 29676.21634722175 | 18701.96197726857 | 16728.020364399068 | 13205.28624088876 | 12870.040492466185 | 5427.547235047445 | 21351.837274168152 | -83543.15315120341 | 95231.05665908847 | 6445.230179007165 | -19009.536208801437 | 29801.4349573371 | 7283.5393894370645 | 5136.495771105401 | 6468.8058102233335 | -90343.57376057189 | 117261.06503251335 | -1165.0390501250513 | -1110.1083657797426 | 5670.519049452618 | -3918316.9200533424
 |  | % estimado do OPEX destinado a salários |  |  |  | 0.26366061471918023
 |  | Mémoria de cálculo % salários |  |  |  | 0.26366061471918023
[12 linhas]
