 | Cálculo - Valor por Tonelada RPU
 | Geração de Resíduos
 |  | Tonelada/ano |  |  |  |  | 1 | 2 | 3 | 4 | 5 | 6 | 7 | 8 | 9 | 10 | 11 | 12 | 13 | 14 | 15 | 16 | 17 | 18 | 19 | 20 | 21 | 22 | 23 | 24 | 25 | 26 | 27 | 28 | 29 | 30
 |  | RSD (Coleta) |  |  |  |  | 70821.69933 | 71150.65513099999 | 71479.61093200001 | 71808.566733 | 72137.52253400002 | 72466.212598 | 72752.04951900002 | 73037.88644 | 73323.72336100001 | 73609.560282 | 73894.872302 | 74060.079649 | 74225.286996 | 74390.494343 | 74555.70169000002 | 74721.693728 | 74788.09699099998 | 74854.50025399998 | 74920.903517 | 74987.30678000001 | 75053.91411900001 | 75120.31738199998 | 75186.72064499998 | 75253.123908 | 75319.527171 | 75385.930434 | 75452.333697 | 75518.73696 | 75585.14022299998 | 75651.543486
 |  | RPU |  |  |  |  | 16643.09934255 | 16720.403955785 | 16797.708569019997 | 16875.013182254996 | 16952.31779549 | 17029.559960529998 | 17096.731636964996 | 17163.9033134 | 17231.074989834997 | 17298.24666627 | 17365.294990969996 | 17404.118717514997 | 17442.942444059994 | 17481.76617060499 | 17520.58989715 | 17559.598026079995 | 17575.202792884997 | 17590.807559689994 | 17606.412326495 | 17622.017093299997 | 17637.669817964994 | 17653.27458477 | 17668.879351574997 | 17684.484118379998 | 17700.088885184996 | 17715.693651989997 | 17731.298418795 | 17746.9031856 | 17762.507952404998 | 17778.11271921
 |  |  |  |  |  |  | 87464.79867255001 | 87871.059086785 | 88277.31950102001 | 88683.57991525499 | 89089.84032949002 | 89495.77255852999 | 89848.78115596501 | 90201.7897534 | 90554.79835083502 | 90907.80694827001 | 91260.16729297 | 91464.198366515 | 91668.22944006 | 91872.260513605 | 92076.29158715002 | 92281.29175408 | 92363.29978388498 | 92445.30781368999 | 92527.315843495 | 92609.32387330002 | 92691.583936965 | 92773.59196676998 | 92855.59999657498 | 92937.60802638 | 93019.61605618498 | 93101.62408598998 | 93183.63211579499 | 93265.64014559999 | 93347.64817540497 | 93429.65620520999
 |  |  | %  de RPU |  |  |  | 0.19028340080971656 | 0.19028340080971662 | 0.19028340080971654 | 0.19028340080971656 | 0.19028340080971654 | 0.1902834008097166 | 0.19028340080971654 | 0.1902834008097166 | 0.19028340080971654 | 0.19028340080971656 | 0.19028340080971656 | 0.19028340080971656 | 0.19028340080971656 | 0.1902834008097165 | 0.19028340080971656 | 0.19028340080971656 | 0.1902834008097166 | 0.19028340080971656 | 0.1902834008097166 | 0.19028340080971654 | 0.1902834008097165 | 0.19028340080971662 | 0.19028340080971662 | 0.1902834008097166 | 0.1902834008097166 | 0.1902834008097166 | 0.19028340080971662 | 0.19028340080971662 | 0.19028340080971662 | 0.19028340080971662
 | Compartilhamento dos Custos e Despesas
 |  | Tonelada/ano |  |  |  |  | 1 | 2 | 3 | 4 | 5 | 6 | 7 | 8 | 9 | 10 | 11 | 12 | 13 | 14 | 15 | 16 | 17 | 18 | 19 | 20 | 21 | 22 | 23 | 24 | 25 | 26 | 27 | 28 | 29 | 30
 | Despesas Pré-operacionais |  |  |  |  |  | 670497.0012550607 | 0 | 0 | 0 | 0 | 0 | 0 | 0 | 0 | 0 | 0 | 0 | 0 | 0 | 0 | 0 | 0 | 0 | 0 | 0 | 0 | 0 | 0 | 0 | 0 | 0 | 0 | 0 | 0 | 0
 |  |  | Ressarcimento de estudos |  | 1 |  | 573020.8279757084 | 0 | 0 | 0 | 0 | 0 | 0 | 0 | 0 | 0 | 0 | 0 | 0 | 0 | 0 | 0 | 0 | 0 | 0 | 0 | 0 | 0 | 0 | 0 | 0 | 0 | 0 | 0 | 0 | 0
 |  |  | B3 |  | 1 |  | 97476.17327935221 | 0 | 0 | 0 | 0 | 0 | 0 | 0 | 0 | 0 | 0 | 0 | 0 | 0 | 0 | 0 | 0 | 0 | 0 | 0 | 0 | 0 | 0 | 0 | 0 | 0 | 0 | 0 | 0 | 0
 |  |  | Infraestrutura SPE |  | 0 |  | 0 | 0 | 0 | 0 | 0 | 0 | 0 | 0 | 0 | 0 | 0 | 0 | 0 | 0 | 0 | 0 | 0 | 0 | 0 | 0 | 0 | 0 | 0 | 0 | 0 | 0 | 0 | 0 | 0 | 0
 | CAPEX |  |  |  |  |  | 4642196.821659919 | 285425.10121457494 | 771178.7039271253 | 433711.60102833994 | 13226.44696356275 | 0 | 0 | 0 | 0 | 170802.3803238866 | 3314327.2841052627 | 0 | 0 | 30592.58542510119 | 13226.446963562752 | 0 | 0 | 433711.60102833994 | 0 | 170802.38032388658 | 1257589.724372469 | 0 | 0 | 464304.1864534412 | 13226.446963562754 | 0 | 0 | 0 | 0 | 446938.0479919028
 |  | Coleta |  |  | 0 |  | 0 | 0 | 0 | 0 | 0 | 0 | 0 | 0 | 0 | 0 | 0 | 0 | 0 | 0 | 0 | 0 | 0 | 0 | 0 | 0 | 0 | 0 | 0 | 0 | 0 | 0 | 0 | 0 | 0 | 0
 |  | Transbordo e Transporte |  |  | 1 |  | 3988765.385303643 | 0 | 38240.731781376504 | 0 | 0 | 0 | 0 | 0 | 0 | 66213.95012145747 | 797423.5020242913 | 0 | 0 | 30592.58542510119 | 0 | 0 | 0 | 0 | 0 | 66213.95012145746 | 797423.5020242911 | 0 | 0 | 30592.585425101206 | 0 | 0 | 0 | 0 | 0 | 0
 |  | Tratamento e Triagem |  |  | 0 |  | 0 | 0 | 0 | 0 | 0 | 0 | 0 | 0 | 0 | 0 | 0 | 0 | 0 | 0 | 0 | 0 | 0 | 0 | 0 | 0 | 0 | 0 | 0 | 0 | 0 | 0 | 0 | 0 | 0 | 0
 |  | Disposição Final |  |  | 1 |  | 460166.22234817804 | 285425.10121457494 | 732937.9721457488 | 433711.60102833994 | 0 | 0 | 0 | 0 | 0 | 0 | 2516903.782080971 | 0 | 0 | 0 | 0 | 0 | 0 | 433711.60102833994 | 0 | 0 | 460166.22234817786 | 0 | 0 | 433711.60102834 | 0 | 0 | 0 | 0 | 0 | 433711.60102834005
 |  | Socioambiental |  |  | 1 |  | 193265.21400809716 | 0 | 0 | 0 | 13226.44696356275 | 0 | 0 | 0 | 0 | 104588.43020242914 | 0 | 0 | 0 | 0 | 13226.446963562752 | 0 | 0 | 0 | 0 | 104588.43020242912 | 0 | 0 | 0 | 0 | 13226.446963562754 | 0 | 0 | 0 | 0 | 13226.446963562757
 | OPEX |  |  |  |  |  | 4720885.4581483295 | 4694372.959334155 | 3258979.5812202105 | 3262638.440631903 | 1121212.5994983206 | 1120187.32476182 | 1121168.1456509666 | 1117979.685232307 | 1126120.3989966903 | 1116644.9298204132 | 1439835.585814395 | 1427497.84044471 | 1426945.2311885676 | 1426498.3543537238 | 1428039.390275889 | 1425428.7669261147 | 1434004.4841109999 | 1425680.785441146 | 1423603.6263631654 | 1423945.0967494538 | 1427071.4075642673 | 1421922.566166108 | 1423518.1382576465 | 1422477.2497052965 | 1429565.5806277345 | 1419768.984615677 | 1419108.949924634 | 1418544.448544039 | 1417979.3544526768 | 1418977.9508185196
 |  | Coleta |  |  | 0 |  | 0 | 0 | 0 | 0 | 0 | 0 | 0 | 0 | 0 | 0 | 0 | 0 | 0 | 0 | 0 | 0 | 0 | 0 | 0 | 0 | 0 | 0 | 0 | 0 | 0 | 0 | 0 | 0 | 0 | 0
 |  | Transbordo e Transporte |  |  | 1 |  | 2574850.9474898777 | 2574850.9474898786 | 536229.3878137651 | 536229.3878137651 | 536229.3878137651 | 536229.3878137652 | 536229.3878137651 | 536229.3878137652 | 536229.3878137651 | 536229.3878137651 | 536229.3878137651 | 536229.3878137651 | 536229.3878137651 | 536229.387813765 | 536229.3878137651 | 536229.3878137651 | 536229.3878137652 | 536229.3878137651 | 536229.3878137652 | 536229.3878137651 | 536229.387813765 | 536229.3878137653 | 536229.3878137653 | 536229.3878137652 | 536229.3878137652 | 536229.3878137652 | 536229.3878137653 | 536229.3878137653 | 536229.3878137653 | 536229.3878137653
 |  | Tratamento e Triagem |  |  | 0 |  | 0 | 0 | 0 | 0 | 0 | 0 | 0 | 0 | 0 | 0 | 0 | 0 | 0 | 0 | 0 | 0 | 0 | 0 | 0 | 0 | 0 | 0 | 0 | 0 | 0 | 0 | 0 | 0 | 0 | 0
 |  | Disposição Final |  |  | 1 |  | 1784798.8284210525 | 1787433.401052632 | 2578196.4284210517 | 2584101.418987854 | 445217.32813765167 | 445217.3281376518 | 445217.32813765167 | 445217.3281376518 | 445217.32813765167 | 445217.3281376517 | 769822.5198785423 | 769822.5198785423 | 769822.5198785423 | 769822.519878542 | 769822.5198785423 | 769822.5198785423 | 769822.5198785424 | 769822.5198785423 | 769822.5198785424 | 769822.5198785422 | 769822.519878542 | 769822.5198785425 | 769822.5198785425 | 769822.5198785424 | 769822.5198785424 | 769822.5198785424 | 769822.5198785425 | 769822.5198785425 | 769822.5198785425 | 769822.5198785425
 |  | Socioambiental |  |  | 1 |  | 290855.6657894736 | 287997.3997975709 | 103421.99866396759 | 103421.9986639676 | 103421.99866396759 | 103421.99866396762 | 103421.99866396759 | 103421.99866396762 | 103421.99866396759 | 103421.9986639676 | 103421.9986639676 | 103421.9986639676 | 103421.9986639676 | 103421.99866396758 | 103421.9986639676 | 103421.9986639676 | 103421.99866396762 | 103421.9986639676 | 103421.99866396762 | 103421.99866396759 | 103421.99866396758 | 103421.99866396764 | 103421.99866396764 | 103421.99866396762 | 103421.99866396762 | 103421.99866396762 | 103421.99866396764 | 103421.99866396764 | 103421.99866396764 | 103421.99866396764
 |  | Outras Despesas
 |  |  | Despesa com órgão regulador |  | 0 |  | 0 | 0 | 0 | 0 | 0 | 0 | 0 | 0 | 0 | 0 | 0 | 0 | 0 | 0 | 0 | 0 | 0 | 0 | 0 | 0 | 0 | 0 | 0 | 0 | 0 | 0 | 0 | 0 | 0 | 0
 |  |  | Despesa com gestão comercial |  | 0 |  | 0 | 0 | 0 | 0 | 0 | 0 | 0 | 0 | 0 | 0 | 0 | 0 | 0 | 0 | 0 | 0 | 0 | 0 | 0 | 0 | 0 | 0 | 0 | 0 | 0 | 0 | 0 | 0 | 0 | 0
 |  |  | Seguros e Garantias |  | 1 |  | 70380.01644792546 | 44091.210994073204 | 41131.76632142617 | 38885.6351663164 | 36343.88488293619 | 35318.61014643535 | 36299.43103558227 | 33110.970616922445 | 41251.68438130604 | 31776.21520502863 | 30361.679458120005 | 18023.934088435017 | 17471.324832292412 | 17024.447997449268 | 18565.4839196141 | 15954.86056983953 | 24530.577754724476 | 16206.87908487091 | 14129.720006890198 | 14471.190393179078 | 17597.50120799262 | 12448.65980983239 | 14044.2319013709 | 13003.343349021116 | 20091.674271459153 | 10295.078259401607 | 9635.043568358604 | 9070.542187763338 | 8505.448096401235 | 9504.044462243955
 |  | Despesas Administrativas e de Pessoal SPE |  |  | 0 |  | 0 | 0 | 0 | 0 | 0 | 0 | 0 | 0 | 0 | 0 | 0 | 0 | 0 | 0 | 0 | 0 | 0 | 0 | 0 | 0 | 0 | 0 | 0 | 0 | 0 | 0 | 0 | 0 | 0 | 0
 | Tarifa Básica dos Entes Públicos |  |  | 223.6683778869185 | R$ por tonelada |  | 3722535.032958998 | 3739825.6304044467 | 3757116.2278498937 | 3774406.8252953417 | 3791697.42274079 | 3808974.0524997604 | 3823998.2324079215 | 3839022.4123160834 | 3854046.5922242445 | 3869070.7721324065 | 3884067.3621580903 | 3892751.002097936 | 3901434.6420377805 | 3910118.2819776256 | 3918801.9219174725 | 3927526.8068396486 | 3931017.099718227 | 3934507.3925968045 | 3937997.6854753834 | 3941487.978353961 | 3944988.9978892915 | 3948479.2907678704 | 3951969.583646448 | 3955459.8765250263 | 3958950.1694036038 | 3962440.462282182 | 3965930.75516076 | 3969421.0480393386 | 3972911.340917916 | 3976401.6337964945
 | Valores em R$
 | Ano |  |  | 1 | 2 | 3 | 4 | 5 | 6 | 7 | 8 | 9 | 10 | 11 | 12 | 13 | 14 | 15 | 16 | 17 | 18 | 19 | 20 | 21 | 22 | 23 | 24 | 25 | 26 | 27 | 28 | 29 | 30
 | ENTRADAS DE CAIXA |  |  | 3722535.032958998 | 3739825.6304044467 | 3757116.2278498937 | 3774406.8252953417 | 3791697.42274079 | 3808974.0524997604 | 3823998.2324079215 | 3839022.4123160834 | 3854046.5922242445 | 3869070.7721324065 | 3884067.3621580903 | 3892751.002097936 | 3901434.6420377805 | 3910118.2819776256 | 3918801.9219174725 | 3927526.8068396486 | 3931017.099718227 | 3934507.3925968045 | 3937997.6854753834 | 3941487.978353961 | 3944988.9978892915 | 3948479.2907678704 | 3951969.583646448 | 3955459.8765250263 | 3958950.1694036038 | 3962440.462282182 | 3965930.75516076 | 3969421.0480393386 | 3972911.340917916 | 3976401.6337964945
 | (+) | Receita |  | 3722535.032958998 | 3739825.6304044467 | 3757116.2278498937 | 3774406.8252953417 | 3791697.42274079 | 3808974.0524997604 | 3823998.2324079215 | 3839022.4123160834 | 3854046.5922242445 | 3869070.7721324065 | 3884067.3621580903 | 3892751.002097936 | 3901434.6420377805 | 3910118.2819776256 | 3918801.9219174725 | 3927526.8068396486 | 3931017.099718227 | 3934507.3925968045 | 3937997.6854753834 | 3941487.978353961 | 3944988.9978892915 | 3948479.2907678704 | 3951969.583646448 | 3955459.8765250263 | 3958950.1694036038 | 3962440.462282182 | 3965930.75516076 | 3969421.0480393386 | 3972911.340917916 | 3976401.6337964945
 | TRIBUTOS INCIDENTES SOBRE AS RECEITAS  |  |  | -226826.71625143618 | -227830.4967272683 | -228834.27720310033 | -229838.05767893244 | -230841.8381547645 | -231845.51221130334 | -232689.38554514595 | -233533.25887898865 | -234377.13221283126 | -235221.00554667396 | -236063.20538222173 | -236523.8664851255 | -236984.52758802928 | -237445.1886909331 | -237905.84979383697 | -238368.49196382088 | -238515.44554082392 | -238662.39911782686 | -238809.35269482993 | -238956.3062718329 | -239104.55918916874 | -239251.51276617177 | -239398.46634317475 | -239545.41992017772 | -239692.37349718073 | -239839.32707418373 | -239986.2806511867 | -240133.23422818974 | -240280.18780519272 | -240427.1413821957
 | (-) | PIS |  | -24196.477714233486 | -24308.8665976289 | -24421.25548102431 | -24533.64436441972 | -24646.033247815136 | -24758.331341248442 | -24855.98851065149 | -24953.645680054542 | -25051.30284945759 | -25148.960018860642 | -25246.437854027587 | -25302.88151363658 | -25359.325173245572 | -25415.768832854566 | -25472.212492463572 | -25528.924244457714 | -25551.611148168475 | -25574.29805187923 | -25596.984955589993 | -25619.671859300746 | -25642.428486280394 | -25665.115389991155 | -25687.80229370191 | -25710.48919741267 | -25733.176101123423 | -25755.863004834184 | -25778.54990854494 | -25801.236812255698 | -25823.92371596645 | -25846.610619677213
 | (-) | COFINS |  | -111676.05098876993 | -112194.7689121334 | -112713.4868354968 | -113232.20475886024 | -113750.9226822237 | -114269.22157499281 | -114719.94697223764 | -115170.6723694825 | -115621.39776672733 | -116072.1231639722 | -116522.0208647427 | -116782.53006293807 | -117043.03926113341 | -117303.54845932877 | -117564.05765752417 | -117825.80420518946 | -117930.51299154681 | -118035.22177790414 | -118139.93056426149 | -118244.63935061882 | -118349.66993667874 | -118454.3787230361 | -118559.08750939343 | -118663.79629575078 | -118768.50508210811 | -118873.21386846546 | -118977.9226548228 | -119082.63144118016 | -119187.34022753748 | -119292.04901389482
 | (-) | ISS |  | -90954.18754843276 | -91326.861217506 | -91699.5348865792 | -92072.20855565247 | -92444.88222472569 | -92817.95929506209 | -93113.45006225684 | -93408.9408294516 | -93704.43159664635 | -93999.92236384112 | -94294.74666345141 | -94438.45490855086 | -94582.16315365031 | -94725.87139874976 | -94869.57964384923 | -95013.76351417373 | -95033.32140110862 | -95052.8792880435 | -95072.43717497843 | -95091.99506191333 | -95112.46076620961 | -95132.01865314452 | -95151.57654007942 | -95171.13442701427 | -95190.6923139492 | -95210.2502008841 | -95229.80808781898 | -95249.36597475389 | -95268.92386168877 | -95288.48174862366
 | (+) | Crédito PIS/COFINS |  | 0 | 0 | 0 | 0 | 0 | 0 | 0 | 0 | 0 | 0 | 0 | 0 | 0 | 0 | 0 | 0 | 0 | 0 | 0 | 0 | 0 | 0 | 0 | 0 | 0 | 0 | 0 | 0 | 0 | 0
 | ENTRADA DE CAIXA LÍQUIDA |  |  | 3495708.3167075617 | 3511995.1336771785 | 3528281.9506467935 | 3544568.7676164093 | 3560855.5845860257 | 3577128.540288457 | 3591308.8468627753 | 3605489.1534370948 | 3619669.4600114133 | 3633849.7665857323 | 3648004.1567758685 | 3656227.1356128105 | 3664450.114449751 | 3672673.0932866926 | 3680896.0721236356 | 3689158.3148758276 | 3692501.654177403 | 3695844.9934789776 | 3699188.3327805535 | 3702531.672082128 | 3705884.4387001228 | 3709227.7780016987 | 3712571.117303273 | 3715914.4566048486 | 3719257.795906423 | 3722601.1352079986 | 3725944.4745095735 | 3729287.813811149 | 3732631.1531127235 | 3735974.492414299
 | DESPESAS |  |  | -5391382.45940339 | -4694372.959334155 | -3258979.5812202105 | -3262638.440631903 | -1121212.5994983206 | -1120187.32476182 | -1121168.1456509666 | -1117979.685232307 | -1126120.3989966903 | -1116644.9298204132 | -1439835.585814395 | -1427497.84044471 | -1426945.2311885676 | -1426498.3543537238 | -1428039.390275889 | -1425428.7669261147 | -1434004.4841109999 | -1425680.785441146 | -1423603.6263631654 | -1423945.0967494538 | -1427071.4075642673 | -1421922.566166108 | -1423518.1382576465 | -1422477.2497052965 | -1429565.5806277345 | -1419768.984615677 | -1419108.949924634 | -1418544.448544039 | -1417979.3544526768 | -1418977.9508185196
 | (-) | Despesas operacionais |  | -5391382.45940339 | -4694372.959334155 | -3258979.5812202105 | -3262638.440631903 | -1121212.5994983206 | -1120187.32476182 | -1121168.1456509666 | -1117979.685232307 | -1126120.3989966903 | -1116644.9298204132 | -1439835.585814395 | -1427497.84044471 | -1426945.2311885676 | -1426498.3543537238 | -1428039.390275889 | -1425428.7669261147 | -1434004.4841109999 | -1425680.785441146 | -1423603.6263631654 | -1423945.0967494538 | -1427071.4075642673 | -1421922.566166108 | -1423518.1382576465 | -1422477.2497052965 | -1429565.5806277345 | -1419768.984615677 | -1419108.949924634 | -1418544.448544039 | -1417979.3544526768 | -1418977.9508185196
 | RESULTADO ANTES DO IR E CSLL |  |  | -1895674.1426958283 | -1182377.825656976 | 269302.36942658294 | 281930.32698450657 | 2439642.985087705 | 2456941.215526637 | 2470140.7012118087 | 2487509.468204788 | 2493549.061014723 | 2517204.836765319 | 2208168.5709614735 | 2228729.2951681004 | 2237504.8832611833 | 2246174.738932969 | 2252856.6818477465 | 2263729.5479497127 | 2258497.170066403 | 2270164.208037832 | 2275584.7064173883 | 2278586.575332674 | 2278813.0311358552 | 2287305.2118355907 | 2289052.9790456267 | 2293437.206899552 | 2289692.215278689 | 2302832.1505923215 | 2306835.5245849397 | 2310743.36526711 | 2314651.7986600464 | 2316996.5415957794
 | (-) | Imposto de Renda |  | -273802.80263671983 | -275186.0504323557 | -276569.2982279915 | -277952.54602362734 | -279335.7938192632 | -280717.92419998086 | -281919.85859263374 | -283121.7929852867 | -284323.72737793956 | -285525.6617705925 | -286725.38897264726 | -287420.0801678349 | -288114.77136302245 | -288809.46255821007 | -289504.1537533978 | -290202.1445471719 | -290481.36797745817 | -290760.5914077444 | -291039.81483803067 | -291319.0382683169 | -291599.11983114335 | -291878.34326142963 | -292157.56669171585 | -292436.79012200213 | -292716.0135522883 | -292995.23698257457 | -293274.4604128608 | -293553.68384314707 | -293832.9072734333 | -294112.13070371957
 | (-) | CSLL |  | -107209.00894921913 | -107706.97815564806 | -108204.94736207694 | -108702.91656850584 | -109200.88577493475 | -109698.4527119931 | -110131.14909334814 | -110563.8454747032 | -110996.54185605823 | -111429.2382374133 | -111861.14003015301 | -112111.22886042055 | -112361.31769068808 | -112611.40652095563 | -112861.4953512232 | -113112.77203698187 | -113213.29247188494 | -113313.81290678798 | -113414.33334169103 | -113514.85377659407 | -113615.6831392116 | -113716.20357411467 | -113816.72400901771 | -113917.24444392076 | -114017.76487882379 | -114118.28531372684 | -114218.80574862988 | -114319.32618353295 | -114419.84661843599 | -114520.36705333904
 | RESULTADO DO EXERCÍCIO |  |  | -2276685.9542817674 | -1565270.8542449798 | -115471.8761634855 | -104725.13560762661 | 2051106.305493507 | 2066524.8386146633 | 2078089.693525827 | 2093823.8297447981 | 2098228.791780725 | 2120249.9367573136 | 1809582.0419586732 | 1829197.9861398449 | 1837028.7942074726 | 1844753.8698538032 | 1850491.0327431255 | 1860414.631365559 | 1854802.5096170602 | 1866089.8037232994 | 1871130.5582376667 | 1873752.683287763 | 1873598.2281655003 | 1881710.6650000464 | 1883078.6883448933 | 1887083.1723336293 | 1882958.4368475766 | 1895718.62829602 | 1899342.258423449 | 1902870.3552404302 | 1906399.0447681772 | 1908364.0438387208
 | (+/-)  | Capital de Giro |  | -163821.82286875427 | -3271.4218327320414 | -76436.37846295297 | -1704.5852402959135 | -113101.53255464183 | -1946.2498287149356 | -1597.6482238796889 | -1814.1642477302812 | -1225.8259787272546 | -2140.6565224450314 | 15138.13112089649 | -1595.7846764762653 | -983.7677307588747 | -978.2769130948 | -875.0421025527176 | -1095.1963304575766 | 58.32790266396478 | -819.2800244889222 | -494.8893644672353 | -369.2868934152648 | -225.78637291974155 | -654.4056919579161 | -304.15981402702164 | -441.07453229872044 | -18.91393728350522 | -895.7694365795469 | -421.2963121138746 | -416.33514710806776 | -416.3659273238154 | 362869.45794463763
 | FLUXO DE CAIXA DO PROJETO |  |  | -2440507.7771505215 | -1568542.276077712 | -191908.2546264385 | -106429.72084792252 | 1938004.7729388652 | 2064578.5887859485 | 2076492.0453019473 | 2092009.6654970679 | 2097002.9658019978 | 2118109.2802348686 | 1824720.1730795696 | 1827602.2014633687 | 1836045.0264767138 | 1843775.5929407084 | 1849615.9906405727 | 1859319.4350351016 | 1854860.8375197242 | 1865270.5236988105 | 1870635.6688731995 | 1873383.3963943478 | 1873372.4417925805 | 1881056.2593080886 | 1882774.5285308664 | 1886642.0978013305 | 1882939.5229102932 | 1894822.8588594403 | 1898920.9621113352 | 1902454.0200933223 | 1905982.6788408533 | 2271233.5017833584
 | (-) | Investimentos e Reinvestimentos |  | -4642196.821659919 | -285425.10121457494 | -771178.7039271253 | -433711.60102833994 | -13226.44696356275 | 0 | 0 | 0 | 0 | -170802.3803238866 | -3314327.2841052627 | 0 | 0 | -30592.58542510119 | -13226.446963562752 | 0 | 0 | -433711.60102833994 | 0 | -170802.38032388658 | -1257589.724372469 | 0 | 0 | -464304.1864534412 | -13226.446963562754 | 0 | 0 | 0 | 0 | -446938.0479919028
 | FLUXO DE CAIXA EMPRESA (FCFF) |  |  | -7082704.59881044 | -1853967.3772922868 | -963086.9585535638 | -540141.3218762624 | 1924778.3259753024 | 2064578.5887859485 | 2076492.0453019473 | 2092009.6654970679 | 2097002.9658019978 | 1947306.899910982 | -1489607.1110256931 | 1827602.2014633687 | 1836045.0264767138 | 1813183.0075156072 | 1836389.5436770099 | 1859319.4350351016 | 1854860.8375197242 | 1431558.9226704706 | 1870635.6688731995 | 1702581.0160704611 | 615782.7174201116 | 1881056.2593080886 | 1882774.5285308664 | 1422337.9113478893 | 1869713.0759467303 | 1894822.8588594403 | 1898920.9621113352 | 1902454.0200933223 | 1905982.6788408533 | 1824295.4537914556
 | FLUXO DE CAIXA EMPRESA (FCFF) Acumulado |  |  | -7082704.59881044 | -8936671.976102727 | -9899758.93465629 | -10439900.256532554 | -8515121.930557251 | -6450543.341771303 | -4374051.296469355 | -2282041.630972287 | -185038.66517028934 | 1762268.2347406927 | 272661.1237149995 | 2100263.325178368 | 3936308.351655082 | 5749491.359170689 | 7585880.902847699 | 9445200.3378828 | 11300061.175402524 | 12731620.098072995 | 14602255.766946195 | 16304836.783016656 | 16920619.500436768 | 18801675.759744857 | 20684450.288275722 | 22106788.19962361 | 23976501.27557034 | 25871324.134429783 | 27770245.096541118 | 29672699.11663444 | 31578681.795475293 | 33402977.249266747
 |  | Apuração do payback FCFE |  |  |  |  |  |  |  |  |  |  | 1 |  |  |  |  |  |  |  |  |  |  |  |  |  |  |  |  |  |  |  |  | #REF! | #REF! | #REF!
 |  | Mês referência |  | 1 | 2 | 3 | 4 | 5 | 6 | 7 | 8 | 9 | 10 | 11 | 12 | 13 | 14 | 15 | 16 | 17 | 18 | 19 | 20 | 21 | 22 | 23 | 24 | 25 | 26 | 27 | 28 | 29 | 30 | #REF! | #REF! | #REF!
 | TAXA INTERNA DE RETORNO  -  (TIR %) a.a. |  |  | 0.11686514968839634
 | TAXA INTERNA DE RETORNO  (TIR %) a.m. |  |  | 0.009253029298073923
 | VALOR PRESENTE LÍQUIDO  (VPL) - em R$ |  |  | 14.605395324528217
 | PAYBACK SIMPLES - em anos |  |  | 10
[58 linhas]
