 | Demonstrativo de Fluxo de Caixa
 | Valores em R$
 | Ano |  |  | 1 | 2 | 3 | 4 | 5 | 6 | 7 | 8 | 9 | 10 | 11 | 12 | 13 | 14 | 15 | 16 | 17 | 18 | 19 | 20 | 21 | 22 | 23 | 24 | 25 | 26 | 27 | 28 | 29 | 30
 | ENTRADAS DE CAIXA |  |  | 46842759.78514718 | 50761512.5300462 | 52038491.03749633 | 52817372.272439964 | 53338155.55137114 | 53801359.90534435 | 54167699.017755136 | 54391131.30152222 | 62240805.478543244 | 61376641.50370769 | 55061353.6655902 | 55195316.26837397 | 55329278.871157736 | 55463241.47394148 | 55597204.07672524 | 55731893.8725691 | 63057117.04164091 | 55850222.29215968 | 55909386.50195497 | 57389995.41493532 | 56027567.160831645 | 56086731.37062694 | 56145895.58042224 | 56205059.79021753 | 63530282.95928936 | 56323388.20980812 | 56382552.419603415 | 56441716.6293987 | 56500880.83919401 | 56560045.04898929
 | (+) | Receitas da tarifa de remuneração |  | 51715006.65991614 | 51963422.328385524 | 52211837.9968549 | 52460253.665324286 | 52708669.33379366 | 52957039.343395494 | 53177177.20567262 | 53397315.06794972 | 53617452.93022685 | 53837590.79250395 | 54057679.117923476 | 54190009.111614235 | 54322339.105304986 | 54454669.098995715 | 54586999.09268645 | 54720053.64142413 | 54778861.03340027 | 54837668.42537643 | 54896475.81735258 | 54955283.20932873 | 55013923.19384649 | 55072730.58582264 | 55131537.977798805 | 55190345.36977496 | 55249152.761751115 | 55307960.15372726 | 55366767.54570341 | 55425574.93767957 | 55484382.32965573 | 55543189.72163187
 | (+) | Receita RPU |  | 3722535.032958998 | 3739825.6304044463 | 3757116.227849894 | 3774406.825295342 | 3791697.4227407905 | 3808974.0524997604 | 3823998.232407922 | 3839022.4123160834 | 3854046.5922242445 | 3869070.7721324065 | 3884067.3621580903 | 3892751.002097936 | 3901434.6420377814 | 3910118.281977626 | 3918801.9219174716 | 3927526.806839649 | 3931017.0997182275 | 3934507.392596805 | 3937997.6854753834 | 3941487.978353961 | 3944988.997889292 | 3948479.29076787 | 3951969.5836464483 | 3955459.8765250253 | 3958950.169403605 | 3962440.4622821826 | 3965930.75516076 | 3969421.048039338 | 3972911.340917916 | 3976401.633796494
 | (+) | Receitas acessórias |  | 0 | 0 | 0 | 0 | 0 | 0 | 0 | 0 | 0 | 0 | 0 | 0 | 0 | 0 | 0 | 0 | 0 | 0 | 0 | 0 | 0 | 0 | 0 | 0 | 0 | 0 | 0 | 0 | 0 | 0
 | (+) | Outras Receitas (ganhos alienação de ativo não circulante) |  | 0 | 0 | 0 | 0 | 0 | 0 | 0 | 0 | 7626241.893253908 | 6538645.634651275 | 0 | 0 | 0 | 0 | 0 | 0 | 7266058.959276527 | 0 | 0 | 1421444.7031850598 | 0 | 0 | 0 | 0 | 7266058.959276527 | 0 | 0 | 0 | 0 | 0
 | (-) | Inadimplência |  | -8594781.907727957 | -4941735.428743775 | -3930463.1872084667 | -3417288.2181796688 | -3162211.2051633047 | -2964653.490550907 | -2833476.4203254096 | -2845206.178743584 | -2856935.9371617604 | -2868665.6955799353 | -2880392.8144913656 | -2887443.8453381965 | -2894494.8761850265 | -2901545.9070318555 | -2908596.937878685 | -2915686.5756946807 | -2918820.0507541173 | -2921953.5258135553 | -2925087.000872993 | -2928220.4759324305 | -2931345.030904137 | -2934478.5059635746 | -2937611.9810230127 | -2940745.45608245 | -2943878.931141888 | -2947012.406201325 | -2950145.881260762 | -2953279.3563202 | -2956412.831379638 | -2959546.3064390747
 | TRIBUTOS INCIDENTES SOBRE AS RECEITAS  |  |  | -5293505.159733625 | -5661678.405909485 | -5785487.535121323 | -5863222.666626309 | -3302760.231869528 | -3325366.729320651 | -3343380.763453208 | -3356178.6983402707 | -3647334.4623311027 | -3620435.1337791695 | -3394568.7747612754 | -3401885.737968265 | -3409202.7011752552 | -3416519.6643822445 | -3423836.627589234 | -3431191.355929699 | -3699130.712142042 | -3436647.7643272 | -3439375.968525951 | -3493986.9043909563 | -3444830.5512058334 | -3447558.755404584 | -3450286.9596033352 | -3453015.163802086 | -3720954.5200144304 | -6150582.066755182 | -6156623.466702471 | -6162664.866649757 | -3466656.18479584 | -6174747.666544331
 | (-) | PIS |  | -772905.5364549286 | -837564.9567457623 | -858635.1021186895 | -871486.6424952594 | -346698.0110839124 | -349708.8393847383 | -352090.0436154083 | -353542.3534598944 | -404565.23561053106 | -398948.16977409995 | -357898.7988263363 | -358769.5557444308 | -359640.3126625253 | -360511.06958061963 | -361381.82649871404 | -362257.31017169915 | -409871.2607706659 | -363026.4448990379 | -363411.0122627073 | -373034.9701970796 | -364179.18654540565 | -364563.7539090751 | -364948.3212727445 | -365332.88863641396 | -412946.8392353808 | -929335.905461834 | -930312.1149234562 | -931288.3243850786 | -367255.725454761 | -933240.7433083233
 | (-) | COFINS |  | -3560049.743671186 | -3857874.952283511 | -3954925.318849721 | -4014120.292705437 | -1600144.6665411342 | -1614040.7971603305 | -1625030.9705326539 | -1631733.9390456665 | -1867224.1643562973 | -1841299.2451112308 | -1651840.6099677058 | -1655859.4880512191 | -1659878.366134732 | -1663897.2442182445 | -1667916.122301757 | -1671956.816177073 | -1891713.5112492272 | -1675506.6687647903 | -1677281.595058649 | -1721699.8624480597 | -1680827.0148249492 | -1682601.9411188082 | -1684376.867412667 | -1686151.793706526 | -1905908.4887786806 | -4280577.503945417 | -4285073.983889859 | -4289570.463834302 | -1695026.4251758202 | -4298563.423723185
 | (-) | ISS |  | -1333163.0851536803 | -1338851.702426381 | -1344540.3196990814 | -1350228.9369717818 | -1355917.5542444817 | -1361617.092775582 | -1366259.749305146 | -1370902.40583471 | -1375545.0623642742 | -1380187.7188938386 | -1384829.3659672332 | -1387256.6941726154 | -1389684.0223779979 | -1392111.3505833806 | -1394538.6787887628 | -1396977.2295809265 | -1397545.940122149 | -1398114.6506633717 | -1398683.3612045941 | -1399252.071745817 | -1399824.3498354787 | -1400393.060376701 | -1400961.7709179237 | -1401530.481459146 | -1402099.192000369 | -1402667.9025415913 | -1403236.613082814 | -1403805.3236240363 | -1404374.034165259 | -1404942.7447064815
 | (+) | Crédito PIS/COFINS |  | 372613.2055461699 | 372613.2055461699 | 372613.2055461699 | 372613.2055461699 | 0 | 0 | 0 | 0 | 0 | 0 | 0 | 0 | 0 | 0 | 0 | 0 | 0 | 0 | 0 | 0 | 0 | 0 | 0 | 0 | 0 | 461999.24519365904 | 461999.24519365904 | 461999.24519365904 | 0 | 461999.24519365904
 | ENTRADA DE CAIXA LÍQUIDA |  |  | 41549254.62541356 | 45099834.124136716 | 46253003.50237501 | 46954149.60581365 | 50035395.319501616 | 50475993.1760237 | 50824318.25430193 | 51034952.60318194 | 58593471.01621214 | 57756206.369928524 | 51666784.89082892 | 51793430.53040571 | 51920076.16998248 | 52046721.80955924 | 52173367.449136004 | 52300702.5166394 | 59357986.329498865 | 52413574.52783248 | 52470010.53342902 | 53896008.51054437 | 52582736.60962581 | 52639172.61522236 | 52695608.620818906 | 52752044.62641545 | 59809328.43927493 | 50172806.143052936 | 50225928.952900946 | 50279051.76274895 | 53034224.654398166 | 50385297.382444955
 | DESPESAS |  |  | -52367357.71946507 | -44665486.69930425 | -40939721.78981164 | -40918567.17024941 | -29805874.48830361 | -29543409.96420994 | -29551248.48440243 | -32869329.43549275 | -32379767.67106893 | -32494469.184645817 | -34073961.23583852 | -34014613.18391058 | -34023099.693472944 | -34038041.770653635 | -34196298.17381264 | -34049356.348610476 | -34104796.764545985 | -34059625.536734246 | -34053181.77805427 | -34210015.629112035 | -34080356.71150495 | -34057770.28190828 | -34076527.80767237 | -34069630.071329206 | -34256020.91775781 | -34070241.934339166 | -34065345.70658629 | -34066851.44686916 | -34074253.98226779 | -34222741.42006917
 | (-) | Despesas operacionais |  | -52367357.71946507 | -44665486.69930425 | -40939721.78981164 | -40918567.17024941 | -29805874.48830361 | -29543409.96420994 | -29551248.48440243 | -32869329.43549275 | -32379767.67106893 | -32494469.184645817 | -34073961.23583852 | -34014613.18391058 | -34023099.693472944 | -34038041.770653635 | -34196298.17381264 | -34049356.348610476 | -34104796.764545985 | -34059625.536734246 | -34053181.77805427 | -34210015.629112035 | -34080356.71150495 | -34057770.28190828 | -34076527.80767237 | -34069630.071329206 | -34256020.91775781 | -34070241.934339166 | -34065345.70658629 | -34066851.44686916 | -34074253.98226779 | -34222741.42006917
 | RESULTADO ANTES DO IR E CSLL |  |  | -10818103.09405151 | 434347.42483246326 | 5313281.712563366 | 6035582.435564242 | 20229520.831198007 | 20932583.21181376 | 21273069.7698995 | 18165623.167689193 | 26213703.345143214 | 25261737.185282707 | 17592823.654990405 | 17778817.34649513 | 17896976.476509534 | 18008680.038905606 | 17977069.27532336 | 18251346.16802892 | 25253189.56495288 | 18353948.991098233 | 18416828.755374752 | 19685992.881432332 | 18502379.898120858 | 18581402.333314076 | 18619080.81314654 | 18682414.55508624 | 25553307.52151712 | 16102564.20871377 | 16160583.24631466 | 16212200.315879792 | 18959970.672130376 | 16162555.962375782
 | (-) | Imposto de Renda |  | 0 | 0 | -596310.0256396027 | -718406.1238317261 | -4243052.444109691 | -4280108.792427548 | -4309415.92142041 | -4327290.504121778 | -4955264.438283459 | -4886131.320296615 | -4380908.293247215 | -4391625.301469918 | -4402342.309692619 | -4413059.3179153185 | -4423776.326138019 | -4434551.509805528 | -5020569.363331272 | -4444017.783372774 | -4448750.920156398 | -4567199.633194827 | -4458205.372866532 | -4462938.509650155 | -4467671.646433779 | -4472404.783217403 | -5058422.636743149 | -2370619.5702723833 | -2440279.6454858524 | -2506474.0730831735 | -4496070.467135521 | -2008097.4764775035
 | (-) | CSLL |  | 0 | 0 | -223311.60923025696 | -267266.2045794214 | -1536138.8798794888 | -1549479.1652739174 | -1560029.7317113476 | -1566464.5814838398 | -1792535.1977820452 | -1767647.2753067815 | -1585766.9855689975 | -1589625.1085291705 | -1593483.2314893429 | -1597341.3544495145 | -1601199.4774096867 | -1605078.5435299901 | -1816044.970799258 | -1608486.4020141985 | -1610190.3312563032 | -1652831.8679501375 | -1613593.9342319514 | -1615297.8634740557 | -1617001.7927161604 | -1618705.7219582652 | -1829672.1492275335 | -862063.045298058 | -887140.6723749068 | -910970.6663099424 | -1627225.3681687873 | -731555.0915319013
 | RESULTADO DO EXERCÍCIO |  |  | -10818103.09405151 | 434347.42483246326 | 4493660.077693506 | 5049910.107153094 | 14450329.507208826 | 15102995.254112294 | 15403624.116767742 | 12271868.082083577 | 19465903.70907771 | 18607958.589679312 | 11626148.376174193 | 11797566.93649604 | 11901150.93532757 | 11998279.366540773 | 11952093.471775655 | 12211716.114693403 | 18416575.230822347 | 12301444.80571126 | 12357887.503962051 | 13465961.380287368 | 12430580.591022374 | 12503165.960189864 | 12534407.3739966 | 12591304.049910571 | 18665212.735546436 | 12869881.593143329 | 12833162.928453902 | 12794755.576486677 | 12836674.836826067 | 13422903.394366378
 | (+/-)  | Capital de Giro |  | -2509042.563945712 | -503273.36103779916 | -271245.39360325644 | -74956.13103954121 | -455631.6570603149 | -62607.2462537284 | -38149.155170022976 | 149667.88921182975 | 43008.34508834593 | -29676.21634722175 | -18701.96197726857 | -16728.020364399068 | -13205.28624088876 | -12870.040492466185 | -5427.547235047445 | -21351.837274168152 | 83543.15315120341 | -95231.05665908847 | -6445.230179007165 | 19009.536208801437 | -29801.4349573371 | -7283.5393894370645 | -5136.495771105401 | -6468.8058102233335 | 90343.57376057189 | -117261.06503251335 | 1165.0390501250513 | 1110.1083657797426 | -5670.519049452618 | 3918316.9200533424
 | FLUXO DE CAIXA DO PROJETO |  |  | -13327145.657997223 | -68925.9362053359 | 4222414.684090249 | 4974953.976113553 | 13994697.85014851 | 15040388.007858565 | 15365474.961597718 | 12421535.971295407 | 19508912.054166056 | 18578282.37333209 | 11607446.414196923 | 11780838.916131642 | 11887945.649086682 | 11985409.326048307 | 11946665.924540607 | 12190364.277419236 | 18500118.38397355 | 12206213.74905217 | 12351442.273783043 | 13484970.916496169 | 12400779.156065037 | 12495882.420800427 | 12529270.878225494 | 12584835.244100347 | 18755556.30930701 | 12752620.528110815 | 12834327.967504026 | 12795865.684852457 | 12831004.317776615 | 17341220.31441972
 | (-) | Investimentos e Reinvestimentos |  | -44794164.495 | -6904933.485 | -4052790.21 | -2279292.8819999998 | -69509.20000000001 | -144335.12 | -3238943.16 | -80011.86 | -13938778.340000002 | -1353217.01 | -17697629.191999998 | 0 | 0 | -160773.79999999996 | -3308452.3600000003 | -224346.97999999998 | -13938778.340000002 | -2279292.8819999998 | 0 | -1353217.01 | -6888816.91 | 0 | -3238943.16 | -2520078.542 | -14008287.540000001 | -144335.12 | 0 | 0 | 0 | -2348802.082
 | FLUXO DE CAIXA EMPRESA (FCFF) |  |  | -58121310.15299722 | -6973859.421205336 | 169624.47409024928 | 2695661.0941135534 | 13925188.650148511 | 14896052.887858566 | 12126531.801597718 | 12341524.111295408 | 5570133.7141660545 | 17225065.36333209 | -6090182.777803075 | 11780838.916131642 | 11887945.649086682 | 11824635.526048306 | 8638213.564540606 | 11966017.297419235 | 4561340.043973548 | 9926920.867052171 | 12351442.273783043 | 12131753.906496169 | 5511962.246065037 | 12495882.420800427 | 9290327.718225494 | 10064756.702100348 | 4747268.769307008 | 12608285.408110816 | 12834327.967504026 | 12795865.684852457 | 12831004.317776615 | 14992418.23241972
 | FLUXO DE CAIXA EMPRESA (FCFF) Acumulado |  |  | -58121310.15299722 | -65095169.57420255 | -64925545.100112304 | -62229884.00599875 | -48304695.35585024 | -33408642.467991676 | -21282110.666393958 | -8940586.55509855 | -3370452.840932496 | 13854612.522399593 | 7764429.744596519 | 19545268.66072816 | 31433214.30981484 | 43257849.83586314 | 51896063.40040375 | 63862080.69782299 | 68423420.74179654 | 78350341.6088487 | 90701783.88263175 | 102833537.78912792 | 108345500.03519295 | 120841382.45599338 | 130131710.17421888 | 140196466.87631923 | 144943735.64562625 | 157552021.05373707 | 170386349.0212411 | 183182214.70609355 | 196013219.02387017 | 211005637.2562899
 |  | Apuração do payback FCFE |  |  |  |  |  |  |  |  |  |  | 1
 |  | Mês referência |  | 1 | 2 | 3 | 4 | 5 | 6 | 7 | 8 | 9 | 10 | 11 | 12 | 13 | 14 | 15 | 16 | 17 | 18 | 19 | 20 | 21 | 22 | 23 | 24 | 25 | 26 | 27 | 28 | 29 | 30
 | (+) | Ingresso de Financiamentos |  | 22397082.2475 | 9497383.094243519 | 7781110.914039118 | 23380755.498117354 | 112268.26800000001 | 0 | 0 | 0 | 0 | 3097085.1085999995 | 9291255.325799998 | 0 | 0 | 0 | 0 | 0 | 0 | 0 | 0 | 0 | 0 | 0 | 0 | 0 | 0 | 0 | 0 | 0 | 0 | 0
 | (-) | Serviço da Dívida |  | 0 | -25519923.427800044 | 0 | 0 | 0 | -550611.5378154007 | -1101223.0756308017 | -3400322.9062917717 | -4790840.178491782 | -4797474.602773839 | -4797474.60277384 | -4797474.60277384 | -4797474.602773839 | -4797474.60277384 | -5712576.305781009 | -6261637.32758531 | -6261637.327585312 | -6261637.32758531 | -6261637.32758531 | -6261637.327585311 | -5711025.789769909 | -5160414.251954508 | -2861314.421293539 | -1470797.1490935278 | -1464162.7248114708 | -1464162.724811471 | -1464162.7248114713 | -1464162.724811471 | -1464162.7248114708 | -549061.0218043015
 |  |  |  . Amortização | 0 | -22397082.2475 | 0 | 0 | 0 | -267203.0363215988 | -554403.126583933 | -1658146.6910060332 | -2406459.5565890037 | -2535637.092654613 | -2668427.0990728913 | -2808175.691332445 | -2955247.745530285 | -3110027.281650693 | -3701182.593448015 | -4156790.738139217 | -4375063.019321017 | -4604803.059194087 | -4846613.680347645 | -5101129.410027304 | -4812757.221308198 | -4496831.379818509 | -2396458.6214541807 | -1084573.8518603025 | -1135340.4232393762 | -1195672.523025044 | -1259210.6764225108 | -1326125.2534304706 | -1396595.6775258097 | -539694.6315399633
 |  |  |  . Juros de financiamentos  | 0 | -3122841.1803000458 | 0 | 0 | 0 | -283408.50149380194 | -546819.9490468686 | -1742176.2152857387 | -2384380.6219027787 | -2261837.510119226 | -2129047.5037009483 | -1989298.9114413941 | -1842226.8572435535 | -1687447.3211231465 | -2011393.7123329933 | -2104846.589446093 | -1886574.3082642942 | -1656834.2683912227 | -1415023.6472376655 | -1160507.9175580072 | -898268.5684617115 | -663582.8721359989 | -464855.7998393582 | -386223.2972332254 | -328822.30157209473 | -268490.20178642694 | -204952.04838896045 | -138037.47138100053 | -67567.04728566109 | -9366.390264338173
 | (-) | Outros desembolsos financeiros |  | -421065.146253 | -1063690.34290752 | 0 | -302814.1912512 | 0 | -275305.76890770043 | 0 | -919639.9322643878 | -4422.949521371629 | -532900.80016672 | 0 | 0 | 0 | 0 | -366040.68120286753 | 0 | 0 | 0 | 0 | 0 | 275305.7689077002 | 0 | 919639.9322643882 | 4422.94952137128 | 0 | 0 | 0 | 0 | 0 | 366040.68120286777
 | (+) | Benefício Fiscal da Dívida |  | 0 | 0 | 16800 | 61616.500305178575 | 0 | 0 | 0 | 0 | 0 | 0 | 0 | 0 | 0 | 0 | 0 | 0 | 0 | 0 | 0 | 0 | 0 | 0 | 0 | 0 | 0 | 67122.55044660717 | 51238.012097239494 | 34509.367845252156 | 0 | -89168.5727346316
 | FLUXO DE CAIXA ACIONISTA (FCFE) |  |  | -36145293.05175022 | -24060090.097669378 | 7967535.3881293675 | 25835218.90128489 | 14037456.91814851 | 14070135.581135465 | 11025308.725966915 | 8021561.272739248 | 774870.5861529005 | 14991775.068991529 | -1596402.0547769163 | 6983364.313357802 | 7090471.046312843 | 7027160.923274467 | 2559596.57755673 | 5704379.969833925 | -1700297.2836117633 | 3665283.5394668616 | 6089804.946197733 | 5870116.578910858 | 76242.22520282818 | 7335468.168845919 | 7348653.229196344 | 8598382.502528192 | 3283106.044495537 | 11211245.233745951 | 11421403.254789794 | 11366212.327886239 | 11366841.592965145 | 14720229.319083655
 |  |  |  | FCFF
 | TAXA INTERNA DE RETORNO  -  (TIR %) a.a. |  |  | 0.11686498859823247
 | TAXA INTERNA DE RETORNO  (TIR %) a.m. |  |  | 0.009253017167338395
 | VALOR PRESENTE LÍQUIDO  (VPL) - em R$ |  |  | 0
 | PAYBACK SIMPLES - em anos |  |  | 10
[40 linhas]
