 | GRÁFICOS
 | 1. | Gráfico - Receitas RSD e RPU
 | R$ em mil
 | Ano | 1 | 2 | 3 | 4 | 5 | 6 | 7 | 8 | 9 | 10 | 11 | 12 | 13 | 14 | 15 | 16 | 17 | 18 | 19 | 20 | 21 | 22 | 23 | 24 | 25 | 26 | 27 | 28 | 29 | 30
 | RSD | 43120224.75218818 | 47021686.89964175 | 48281374.809646435 | 49042965.44714462 | 49546458.128630355 | 49992385.85284459 | 50343700.78534721 | 50552108.889206134 | 50760516.99306509 | 50968925.096924014 | 51177286.30343211 | 51302565.26627604 | 51427844.22911996 | 51553123.19196386 | 51678402.15480777 | 51804367.06572945 | 51860040.98264615 | 51915714.89956287 | 51971388.816479586 | 52027062.73339631 | 52082578.16294235 | 52138252.07985907 | 52193925.99677579 | 52249599.91369251 | 52305273.830609225 | 52360947.74752594 | 52416621.66444265 | 52472295.581359364 | 52527969.49827609 | 52583643.4151928
 | RPU | 3722535.032958998 | 3739825.6304044463 | 3757116.227849894 | 3774406.825295342 | 3791697.4227407905 | 3808974.0524997604 | 3823998.232407922 | 3839022.4123160834 | 3854046.5922242445 | 3869070.7721324065 | 3884067.3621580903 | 3892751.002097936 | 3901434.6420377814 | 3910118.281977626 | 3918801.9219174716 | 3927526.806839649 | 3931017.0997182275 | 3934507.392596805 | 3937997.6854753834 | 3941487.978353961 | 3944988.997889292 | 3948479.29076787 | 3951969.5836464483 | 3955459.8765250253 | 3958950.169403605 | 3962440.4622821826 | 3965930.75516076 | 3969421.048039338 | 3972911.340917916 | 3976401.633796494
 | Total | 46842759.78514718 | 50761512.530046195 | 52038491.03749633 | 52817372.272439964 | 53338155.55137114 | 53801359.90534435 | 54167699.01775513 | 54391131.30152222 | 54614563.58528934 | 54837995.86905642 | 55061353.6655902 | 55195316.26837397 | 55329278.871157736 | 55463241.47394148 | 55597204.07672524 | 55731893.8725691 | 55791058.08236438 | 55850222.29215968 | 55909386.50195497 | 55968550.71175027 | 56027567.160831645 | 56086731.37062694 | 56145895.58042224 | 56205059.79021753 | 56264224.00001283 | 56323388.20980812 | 56382552.41960341 | 56441716.6293987 | 56500880.83919401 | 56560045.04898929
 |  | 1529679251.188728 | 50989308.3729576
 |  | 116767356.53243174 | 3892245.2177477246
 | 2.  | Gráfico - Receitas RSD
 | 3. | Gráfico - Receitas RPU
 | 4. | Composição CAPEX
 | 5. | Composição OPEX
 | 5. | Composição OPEX - Sintético
 | 6.  | CAPEX
 | 7.  | OPEX
 | 8. | Receita Tarifária RSD por ano
 | 8. | Fluxo de Caixa do Projeto
 | 9. | Fluxo de Caixa Alavancado
[19 linhas]
