 |  | OPEX - Disposição Final
 |  | Destinação em aterros privados
 |  |  |  | Valor (R$/ano)
 |  | Ano 1 |  | 9379687.46
 |  | Ano 2 |  | 9393532.98
 |  | Ano 3 |  | 6748106.75
 |  | Ano 4 |  | 6779139.36
 |  | Total |  | 32300466.55
 |  | Operação de transporte de rejeitos da UTM para aterro privado (anos 3-4)
 |  | Descrição |  |  |  | Preço (R$/ano)
 |  | TRANSPORTE DE CARGA DE QUALQUER NATUREZA,EXCLUSIVE AS DESPESAS DE CARGA E DESCARGA,TANTO DE ESPERA DA CARRETA COMO DO SERVENTE OU EQUIPAMENTO AUXILIAR,A VELOCIDADE MEDIA DE 50KM/H,EM CARRETA,COM CAPACIDADE UTIL DE 30T |  |  |  | 6801138.31
 |  | Total |  |  |  | 6801138.31
 |  | Do ano | 3 | até o ano | 4
 |  | Operação aterro novo |  |  |  |  | Operação aterro novo - com operação do sistema de captação e beneficiamento do biogás
 |  | Descrição |  | Preço (R$/ano) |  |  | Descrição |  | Preço (R$/ano)
 |  | Equipamentos, mão de obra e outros serviços |  | 1469817.75 |  |  | Equipamentos, mão de obra e outros serviços |  | 1469817.75
 |  | Obras de Manutenção |  | 12192.3 |  |  | Obras de Manutenção |  | 12192.3
 |  | Sistema de Drenagem de Gases |  | 612308.48 |  |  | Sistema de Drenagem de Gases |  | 612308.48
 |  | Continuação da Instalação do Monitoramento Geotécnico |  | 64853.92 |  |  | Continuação da Instalação do Monitoramento Geotécnico |  | 64853.92
 |  | Manutenção dos Taludes Expostos |  | 133197.44 |  |  | Manutenção dos Taludes Expostos |  | 133197.44
 |  | Monitoramento ambiental |  | 47389.259999999995 |  |  | Monitoramento ambiental |  | 47389.259999999995
 |  | Total |  | 2339759.15 |  |  | Operação do sistema de captação e beneficiamento do biogás |  | 1705903.88
 |  |  |  |  |  |  | Total |  | 4045663.03
 |  | Do ano | 5 | até o ano | 10 |  | Do ano | 11 | até o ano | 30
 |  | OPEX - DISPOSIÇÃO FINAL
 |  |  |  | TOTAL | 1 | 2 | 3 | 4 | 5 | 6 | 7 | 8 | 9 | 10 | 11 | 12 | 13 | 14 | 15 | 16 | 17 | 18 | 19 | 20 | 21 | 22 | 23 | 24 | 25 | 26 | 27 | 28 | 29 | 30 | 31 | 32 | 33 | 34 | 35
 |  | Destinação em aterros privados |  | 32300466.55 | 9379687.46 | 9393532.98 | 6748106.75 | 6779139.36 | 0 | 0 | 0 | 0 | 0 | 0 | 0 | 0 | 0 | 0 | 0 | 0 | 0 | 0 | 0 | 0 | 0 | 0 | 0 | 0 | 0 | 0 | 0 | 0 | 0 | 0 | 0 | 0 | 0 | 0 | 0
 |  | Operação de transporte de rejeitos da UTM para aterro privado  |  | 13602276.62 | 0 | 0 | 6801138.31 | 6801138.31 | 0 | 0 | 0 | 0 | 0 | 0 | 0 | 0 | 0 | 0 | 0 | 0 | 0 | 0 | 0 | 0 | 0 | 0 | 0 | 0 | 0 | 0 | 0 | 0 | 0 | 0 | 0 | 0 | 0 | 0 | 0
 |  | Operação aterro novo |  | 94951815.50000001 | 0 | 0 | 0 | 0 | 2339759.15 | 2339759.15 | 2339759.15 | 2339759.15 | 2339759.15 | 2339759.15 | 4045663.03 | 4045663.03 | 4045663.03 | 4045663.03 | 4045663.03 | 4045663.03 | 4045663.03 | 4045663.03 | 4045663.03 | 4045663.03 | 4045663.03 | 4045663.03 | 4045663.03 | 4045663.03 | 4045663.03 | 4045663.03 | 4045663.03 | 4045663.03 | 4045663.03 | 4045663.03 | 0 | 0 | 0 | 0 | 0
 |  | TOTAL |  | 140854558.67000002 | 9379687.46 | 9393532.98 | 13549245.059999999 | 13580277.67 | 2339759.15 | 2339759.15 | 2339759.15 | 2339759.15 | 2339759.15 | 2339759.15 | 4045663.03 | 4045663.03 | 4045663.03 | 4045663.03 | 4045663.03 | 4045663.03 | 4045663.03 | 4045663.03 | 4045663.03 | 4045663.03 | 4045663.03 | 4045663.03 | 4045663.03 | 4045663.03 | 4045663.03 | 4045663.03 | 4045663.03 | 4045663.03 | 4045663.03 | 4045663.03 | 0 | 0 | 0 | 0 | 0
 |  | OPEX - DISPOSIÇÃO FINAL - POR MUNICÍPIO
 |  | COLETA |  | TOTAL | 1 | 2 | 3 | 4 | 5 | 6 | 7 | 8 | 9 | 10 | 11 | 12 | 13 | 14 | 15 | 16 | 17 | 18 | 19 | 20 | 21 | 22 | 23 | 24 | 25 | 26 | 27 | 28 | 29 | 30 | 31 | 32 | 33 | 34 | 35
 |  | Arapuá |  | 961638.4951809922 | 64036.75265799924 | 64131.27842375022 | 92503.04536371386 | 92714.91037300939 | 15973.94141401813 | 15973.94141401813 | 15973.94141401813 | 15973.94141401813 | 15973.94141401813 | 15973.94141401813 | 27620.44299392058 | 27620.44299392058 | 27620.44299392058 | 27620.44299392058 | 27620.44299392058 | 27620.44299392058 | 27620.44299392058 | 27620.44299392058 | 27620.44299392058 | 27620.44299392058 | 27620.44299392058 | 27620.44299392058 | 27620.44299392058 | 27620.44299392058 | 27620.44299392058 | 27620.44299392058 | 27620.44299392058 | 27620.44299392058 | 27620.44299392058 | 27620.44299392058 | 0 | 0 | 0 | 0 | 0
 |  | Coromandel |  | 12178807.211884946 | 811002.5430607868 | 812199.6780376061 | 1171517.9473809248 | 1174201.1418620995 | 202304.24829099205 | 202304.24829099205 | 202304.24829099205 | 202304.24829099205 | 202304.24829099205 | 202304.24829099205 | 349803.0205898788 | 349803.0205898788 | 349803.0205898788 | 349803.0205898788 | 349803.0205898788 | 349803.0205898788 | 349803.0205898788 | 349803.0205898788 | 349803.0205898788 | 349803.0205898788 | 349803.0205898788 | 349803.0205898788 | 349803.0205898788 | 349803.0205898788 | 349803.0205898788 | 349803.0205898788 | 349803.0205898788 | 349803.0205898788 | 349803.0205898788 | 349803.0205898788 | 0 | 0 | 0 | 0 | 0
 |  | Cruzeiro da Fortaleza |  | 1458944.4937354089 | 97153.00308303513 | 97296.41232273342 | 140340.4807143732 | 140661.91053470166 | 24234.776359329742 | 24234.776359329742 | 24234.776359329742 | 24234.776359329742 | 24234.776359329742 | 24234.776359329742 | 41904.20144622934 | 41904.20144622934 | 41904.20144622934 | 41904.20144622934 | 41904.20144622934 | 41904.20144622934 | 41904.20144622934 | 41904.20144622934 | 41904.20144622934 | 41904.20144622934 | 41904.20144622934 | 41904.20144622934 | 41904.20144622934 | 41904.20144622934 | 41904.20144622934 | 41904.20144622934 | 41904.20144622934 | 41904.20144622934 | 41904.20144622934 | 41904.20144622934 | 0 | 0 | 0 | 0 | 0
 |  | Guimarânia |  | 3892844.046014751 | 259229.52602255484 | 259612.1792402065 | 374464.96909900685 | 375322.6276101086 | 64664.697842867754 | 64664.697842867754 | 64664.697842867754 | 64664.697842867754 | 64664.697842867754 | 64664.697842867754 | 111811.32784928347 | 111811.32784928347 | 111811.32784928347 | 111811.32784928347 | 111811.32784928347 | 111811.32784928347 | 111811.32784928347 | 111811.32784928347 | 111811.32784928347 | 111811.32784928347 | 111811.32784928347 | 111811.32784928347 | 111811.32784928347 | 111811.32784928347 | 111811.32784928347 | 111811.32784928347 | 111811.32784928347 | 111811.32784928347 | 111811.32784928347 | 111811.32784928347 | 0 | 0 | 0 | 0 | 0
 |  | Lagoa Formosa |  | 8454542.586672757 | 562998.9389696652 | 563829.9915076868 | 813269.1654333625 | 815131.842263264 | 140439.8520219527 | 140439.8520219527 | 140439.8520219527 | 140439.8520219527 | 140439.8520219527 | 140439.8520219527 | 242833.6768183532 | 242833.6768183532 | 242833.6768183532 | 242833.6768183532 | 242833.6768183532 | 242833.6768183532 | 242833.6768183532 | 242833.6768183532 | 242833.6768183532 | 242833.6768183532 | 242833.6768183532 | 242833.6768183532 | 242833.6768183532 | 242833.6768183532 | 242833.6768183532 | 242833.6768183532 | 242833.6768183532 | 242833.6768183532 | 242833.6768183532 | 242833.6768183532 | 0 | 0 | 0 | 0 | 0
 |  | Patos de Minas |  | 93590307.79477645 | 6232299.789862425 | 6241499.396113115 | 9002747.42632336 | 9023366.933061369 | 1554644.59994637 | 1554644.59994637 | 1554644.59994637 | 1554644.59994637 | 1554644.59994637 | 1554644.59994637 | 2688126.3324869014 | 2688126.3324869014 | 2688126.3324869014 | 2688126.3324869014 | 2688126.3324869014 | 2688126.3324869014 | 2688126.3324869014 | 2688126.3324869014 | 2688126.3324869014 | 2688126.3324869014 | 2688126.3324869014 | 2688126.3324869014 | 2688126.3324869014 | 2688126.3324869014 | 2688126.3324869014 | 2688126.3324869014 | 2688126.3324869014 | 2688126.3324869014 | 2688126.3324869014 | 2688126.3324869014 | 0 | 0 | 0 | 0 | 0
 |  | Presidente Olegário |  | 7642165.563820856 | 508901.7010386716 | 509652.8997017201 | 735124.052718044 | 736807.7493320323 | 126945.31843769943 | 126945.31843769943 | 126945.31843769943 | 126945.31843769943 | 126945.31843769943 | 126945.31843769943 | 219500.3625202098 | 219500.3625202098 | 219500.3625202098 | 219500.3625202098 | 219500.3625202098 | 219500.3625202098 | 219500.3625202098 | 219500.3625202098 | 219500.3625202098 | 219500.3625202098 | 219500.3625202098 | 219500.3625202098 | 219500.3625202098 | 219500.3625202098 | 219500.3625202098 | 219500.3625202098 | 219500.3625202098 | 219500.3625202098 | 219500.3625202098 | 219500.3625202098 | 0 | 0 | 0 | 0 | 0
 |  | Rio Paranaíba |  | 6962411.676912986 | 463636.00946915866 | 464320.39065661293 | 669736.3785016894 | 671270.3139899635 | 115653.81043356752 | 115653.81043356752 | 115653.81043356752 | 115653.81043356752 | 115653.81043356752 | 115653.81043356752 | 199976.28608470762 | 199976.28608470762 | 199976.28608470762 | 199976.28608470762 | 199976.28608470762 | 199976.28608470762 | 199976.28608470762 | 199976.28608470762 | 199976.28608470762 | 199976.28608470762 | 199976.28608470762 | 199976.28608470762 | 199976.28608470762 | 199976.28608470762 | 199976.28608470762 | 199976.28608470762 | 199976.28608470762 | 199976.28608470762 | 199976.28608470762 | 199976.28608470762 | 0 | 0 | 0 | 0 | 0
 |  | Serra do Salitre |  | 5712896.801000789 | 380429.1958357051 | 380990.7539965702 | 549541.5944655259 | 550800.2409734537 | 94897.90525320263 | 94897.90525320263 | 94897.90525320263 | 94897.90525320263 | 94897.90525320263 | 94897.90525320263 | 164087.37921051602 | 164087.37921051602 | 164087.37921051602 | 164087.37921051602 | 164087.37921051602 | 164087.37921051602 | 164087.37921051602 | 164087.37921051602 | 164087.37921051602 | 164087.37921051602 | 164087.37921051602 | 164087.37921051602 | 164087.37921051602 | 164087.37921051602 | 164087.37921051602 | 164087.37921051602 | 164087.37921051602 | 164087.37921051602 | 164087.37921051602 | 164087.37921051602 | 0 | 0 | 0 | 0 | 0
 |  | TOTAL |  | 140854558.66999996 | 9379687.460000003 | 9393532.98 | 13549245.059999999 | 13580277.670000002 | 2339759.15 | 2339759.15 | 2339759.15 | 2339759.15 | 2339759.15 | 2339759.15 | 4045663.0300000007 | 4045663.0300000007 | 4045663.0300000007 | 4045663.0300000007 | 4045663.0300000007 | 4045663.0300000007 | 4045663.0300000007 | 4045663.0300000007 | 4045663.0300000007 | 4045663.0300000007 | 4045663.0300000007 | 4045663.0300000007 | 4045663.0300000007 | 4045663.0300000007 | 4045663.0300000007 | 4045663.0300000007 | 4045663.0300000007 | 4045663.0300000007 | 4045663.0300000007 | 4045663.0300000007 | 0 | 0 | 0 | 0 | 0
 |  | Rateio - Por resíduos  (envio à CTR)
 |  | Municípios |  |  | %
 |  | Arapuá |  |  | 0.006827173392619549
 |  | Coromandel |  |  | 0.08646370644217465
 |  | Cruzeiro da Fortaleza |  |  | 0.010357808135649236
 |  | Guimarânia |  |  | 0.027637330894877687
 |  | Lagoa Formosa |  |  | 0.06002320880845907
 |  | Patos de Minas |  |  | 0.6644464238750258
 |  | Presidente Olegário |  |  | 0.054255720482041685
 |  | Rio Paranaíba |  |  | 0.04942979299111514
 |  | Serra do Salitre |  |  | 0.040558834978037216
 |  | TOTAL |  |  | 1
[54 linhas]
