 |  | OPEX - Transporte e Transbordo
 |  | Custo de Operação das Estações
 |  | Descrição | Custo  mensal por Estação | Custo  anual por Estação | Custo Total
(ano 1 a 2) | Custo Total
(ano 3 a 30)
 |  | Mão de obra | 12956.43 | 155477.16 | 777385.8 | 621908.64
 |  | Operação da balança rodoviária | 21534.74 | 258416.88 | 1292084.4 | 1033667.52
 |  | Total | 34491.17 | 413894.04000000004 | 2069470.2 | 1655576.1600000001
 |  | Quant. de Estações | 5 | (ano 1 ao 2)
 |  | Quant. de Estações | 4 | (ano 3 ao 30)
 |  | Custo de Transporte
 |  | Municípios |  | Ano 1 - 2 |  |  |  | Ano 3 - 30
 |  |  |  | Operação Transporte RSD | Operação Transporte RPU | Operação Transporte Coleta Seletiva | Custo Total Anual | Operação Transporte RSD | Operação Transporte RPU | Operação Transporte Coleta Seletiva | Custo Total Anual
 |  | Custo de Transporte Arapuá |  | 314431.29 | 76785.79 | 7548.43 | 398765.50999999995 | 214905.55 | 54491.48 | 5215.68 | 274612.70999999996
 |  | Custo de Transporte Coromandel |  | 673127.78 | 165935.39 | 10391.91 | 849455.0800000001 | 443105.65 | 112477.18 | 7029.82 | 562612.65
 |  | Custo de Transporte Guimarânia |  | 654211.35 | 153372.41 | 49855.55 | 857439.31 | 129593.27 | 32970.17 | 10332.76 | 172896.2
 |  | Custo de Transporte Presidente Olegário |  | 648762.99 | 152449.56 | 47731.81 | 848944.3600000001 | 0 | 30870.09 | 0 | 30870.09
 |  | Custo de Transporte Patos de Minas |  | 6777727.92 | 1592743.07 | 137118.04 | 8507589.03 | 121488.76 | 0 | 0 | 121488.76
 |  | Total |  | 9068261.33 | 2141286.2199999997 | 252645.74 | 11462193.29 | 909093.23 | 230808.92 | 22578.260000000002 | 1162480.41
 |  | OPEX - Transbordo e Transporte
 |  |  |  | TOTAL | 1 | 2 | 3 | 4 | 5 | 6 | 7 | 8 | 9 | 10 | 11 | 12 | 13 | 14 | 15 | 16 | 17 | 18 | 19 | 20 | 21 | 22 | 23 | 24 | 25 | 26 | 27 | 28 | 29 | 30
 |  | Operação das Estações |  | 50495072.879999965 | 2069470.2 | 2069470.2 | 1655576.1600000001 | 1655576.1600000001 | 1655576.1600000001 | 1655576.1600000001 | 1655576.1600000001 | 1655576.1600000001 | 1655576.1600000001 | 1655576.1600000001 | 1655576.1600000001 | 1655576.1600000001 | 1655576.1600000001 | 1655576.1600000001 | 1655576.1600000001 | 1655576.1600000001 | 1655576.1600000001 | 1655576.1600000001 | 1655576.1600000001 | 1655576.1600000001 | 1655576.1600000001 | 1655576.1600000001 | 1655576.1600000001 | 1655576.1600000001 | 1655576.1600000001 | 1655576.1600000001 | 1655576.1600000001 | 1655576.1600000001 | 1655576.1600000001 | 1655576.1600000001
 |  | Operação até a destinação  |  | 55473838.059999935 | 11462193.29 | 11462193.29 | 1162480.41 | 1162480.41 | 1162480.41 | 1162480.41 | 1162480.41 | 1162480.41 | 1162480.41 | 1162480.41 | 1162480.41 | 1162480.41 | 1162480.41 | 1162480.41 | 1162480.41 | 1162480.41 | 1162480.41 | 1162480.41 | 1162480.41 | 1162480.41 | 1162480.41 | 1162480.41 | 1162480.41 | 1162480.41 | 1162480.41 | 1162480.41 | 1162480.41 | 1162480.41 | 1162480.41 | 1162480.41
 |  | TOTAL |  | 105968910.93999991 | 13531663.489999998 | 13531663.489999998 | 2818056.5700000003 | 2818056.5700000003 | 2818056.5700000003 | 2818056.5700000003 | 2818056.5700000003 | 2818056.5700000003 | 2818056.5700000003 | 2818056.5700000003 | 2818056.5700000003 | 2818056.5700000003 | 2818056.5700000003 | 2818056.5700000003 | 2818056.5700000003 | 2818056.5700000003 | 2818056.5700000003 | 2818056.5700000003 | 2818056.5700000003 | 2818056.5700000003 | 2818056.5700000003 | 2818056.5700000003 | 2818056.5700000003 | 2818056.5700000003 | 2818056.5700000003 | 2818056.5700000003 | 2818056.5700000003 | 2818056.5700000003 | 2818056.5700000003 | 2818056.5700000003
 |  | Custo de Operação das Estações
 |  | Transbordo | Municípios | TOTAL | 1 | 2 | 3 | 4 | 5 | 6 | 7 | 8 | 9 | 10 | 11 | 12 | 13 | 14 | 15 | 16 | 17 | 18 | 19 | 20 | 21 | 22 | 23 | 24 | 25 | 26 | 27 | 28 | 29 | 30
 |  | Arapuá | Arapuá | 1766394.9317510421 | 58879.83105836805 | 58879.83105836805 | 58879.83105836805 | 58879.83105836805 | 58879.83105836805 | 58879.83105836805 | 58879.83105836805 | 58879.83105836805 | 58879.83105836805 | 58879.83105836805 | 58879.83105836805 | 58879.83105836805 | 58879.83105836805 | 58879.83105836805 | 58879.83105836805 | 58879.83105836805 | 58879.83105836805 | 58879.83105836805 | 58879.83105836805 | 58879.83105836805 | 58879.83105836805 | 58879.83105836805 | 58879.83105836805 | 58879.83105836805 | 58879.83105836805 | 58879.83105836805 | 58879.83105836805 | 58879.83105836805 | 58879.83105836805 | 58879.83105836805
 |  |  | Rio Paranaíba | 10650426.268248966 | 355014.208941632 | 355014.208941632 | 355014.208941632 | 355014.208941632 | 355014.208941632 | 355014.208941632 | 355014.208941632 | 355014.208941632 | 355014.208941632 | 355014.208941632 | 355014.208941632 | 355014.208941632 | 355014.208941632 | 355014.208941632 | 355014.208941632 | 355014.208941632 | 355014.208941632 | 355014.208941632 | 355014.208941632 | 355014.208941632 | 355014.208941632 | 355014.208941632 | 355014.208941632 | 355014.208941632 | 355014.208941632 | 355014.208941632 | 355014.208941632 | 355014.208941632 | 355014.208941632 | 355014.208941632
 |  | Coromandel | Coromandel | 12416821.199999992 | 413894.04000000004 | 413894.04000000004 | 413894.04000000004 | 413894.04000000004 | 413894.04000000004 | 413894.04000000004 | 413894.04000000004 | 413894.04000000004 | 413894.04000000004 | 413894.04000000004 | 413894.04000000004 | 413894.04000000004 | 413894.04000000004 | 413894.04000000004 | 413894.04000000004 | 413894.04000000004 | 413894.04000000004 | 413894.04000000004 | 413894.04000000004 | 413894.04000000004 | 413894.04000000004 | 413894.04000000004 | 413894.04000000004 | 413894.04000000004 | 413894.04000000004 | 413894.04000000004 | 413894.04000000004 | 413894.04000000004 | 413894.04000000004 | 413894.04000000004
 |  | Guimarânia | Cruzeiro da Fortaleza | 1786596.196521065 | 59553.206550702154 | 59553.206550702154 | 59553.206550702154 | 59553.206550702154 | 59553.206550702154 | 59553.206550702154 | 59553.206550702154 | 59553.206550702154 | 59553.206550702154 | 59553.206550702154 | 59553.206550702154 | 59553.206550702154 | 59553.206550702154 | 59553.206550702154 | 59553.206550702154 | 59553.206550702154 | 59553.206550702154 | 59553.206550702154 | 59553.206550702154 | 59553.206550702154 | 59553.206550702154 | 59553.206550702154 | 59553.206550702154 | 59553.206550702154 | 59553.206550702154 | 59553.206550702154 | 59553.206550702154 | 59553.206550702154 | 59553.206550702154 | 59553.206550702154
 |  |  | Guimânia | 4286112.658773175 | 142870.42195910576 | 142870.42195910576 | 142870.42195910576 | 142870.42195910576 | 142870.42195910576 | 142870.42195910576 | 142870.42195910576 | 142870.42195910576 | 142870.42195910576 | 142870.42195910576 | 142870.42195910576 | 142870.42195910576 | 142870.42195910576 | 142870.42195910576 | 142870.42195910576 | 142870.42195910576 | 142870.42195910576 | 142870.42195910576 | 142870.42195910576 | 142870.42195910576 | 142870.42195910576 | 142870.42195910576 | 142870.42195910576 | 142870.42195910576 | 142870.42195910576 | 142870.42195910576 | 142870.42195910576 | 142870.42195910576 | 142870.42195910576 | 142870.42195910576
 |  |  | Serra do Salitre | 6344112.34470576 | 211470.4114901921 | 211470.4114901921 | 211470.4114901921 | 211470.4114901921 | 211470.4114901921 | 211470.4114901921 | 211470.4114901921 | 211470.4114901921 | 211470.4114901921 | 211470.4114901921 | 211470.4114901921 | 211470.4114901921 | 211470.4114901921 | 211470.4114901921 | 211470.4114901921 | 211470.4114901921 | 211470.4114901921 | 211470.4114901921 | 211470.4114901921 | 211470.4114901921 | 211470.4114901921 | 211470.4114901921 | 211470.4114901921 | 211470.4114901921 | 211470.4114901921 | 211470.4114901921 | 211470.4114901921 | 211470.4114901921 | 211470.4114901921 | 211470.4114901921
 |  | Presidente Olegário | Presidente Olegário | 827788.0800000001 | 413894.04000000004 | 413894.04000000004 | 0 | 0 | 0 | 0 | 0 | 0 | 0 | 0 | 0 | 0 | 0 | 0 | 0 | 0 | 0 | 0 | 0 | 0 | 0 | 0 | 0 | 0 | 0 | 0 | 0 | 0 | 0 | 0
 |  | Patos de Minas | Lagoa Formosa | 1057177.0727743043 | 35239.23575914348 | 35239.23575914348 | 35239.23575914348 | 35239.23575914348 | 35239.23575914348 | 35239.23575914348 | 35239.23575914348 | 35239.23575914348 | 35239.23575914348 | 35239.23575914348 | 35239.23575914348 | 35239.23575914348 | 35239.23575914348 | 35239.23575914348 | 35239.23575914348 | 35239.23575914348 | 35239.23575914348 | 35239.23575914348 | 35239.23575914348 | 35239.23575914348 | 35239.23575914348 | 35239.23575914348 | 35239.23575914348 | 35239.23575914348 | 35239.23575914348 | 35239.23575914348 | 35239.23575914348 | 35239.23575914348 | 35239.23575914348 | 35239.23575914348
 |  |  | Patos de Minas | 11359644.127225691 | 378654.80424085655 | 378654.80424085655 | 378654.80424085655 | 378654.80424085655 | 378654.80424085655 | 378654.80424085655 | 378654.80424085655 | 378654.80424085655 | 378654.80424085655 | 378654.80424085655 | 378654.80424085655 | 378654.80424085655 | 378654.80424085655 | 378654.80424085655 | 378654.80424085655 | 378654.80424085655 | 378654.80424085655 | 378654.80424085655 | 378654.80424085655 | 378654.80424085655 | 378654.80424085655 | 378654.80424085655 | 378654.80424085655 | 378654.80424085655 | 378654.80424085655 | 378654.80424085655 | 378654.80424085655 | 378654.80424085655 | 378654.80424085655 | 378654.80424085655
 |  | Total |  | 50495072.879999995 | 2069470.2000000002 | 2069470.2000000002 | 1655576.1600000001 | 1655576.1600000001 | 1655576.1600000001 | 1655576.1600000001 | 1655576.1600000001 | 1655576.1600000001 | 1655576.1600000001 | 1655576.1600000001 | 1655576.1600000001 | 1655576.1600000001 | 1655576.1600000001 | 1655576.1600000001 | 1655576.1600000001 | 1655576.1600000001 | 1655576.1600000001 | 1655576.1600000001 | 1655576.1600000001 | 1655576.1600000001 | 1655576.1600000001 | 1655576.1600000001 | 1655576.1600000001 | 1655576.1600000001 | 1655576.1600000001 | 1655576.1600000001 | 1655576.1600000001 | 1655576.1600000001 | 1655576.1600000001 | 1655576.1600000001
 |  | Custo de Transporte
 |  | Transbordo | Municípios | TOTAL | 1 | 2 | 3 | 4 | 5 | 6 | 7 | 8 | 9 | 10 | 11 | 12 | 13 | 14 | 15 | 16 | 17 | 18 | 19 | 20 | 21 | 22 | 23 | 24 | 25 | 26 | 27 | 28 | 29 | 30
 |  | Arapuá | Arapuá | 1207301.006115635 | 56727.673248699044 | 56727.673248699044 | 39065.916414937055 | 39065.916414937055 | 39065.916414937055 | 39065.916414937055 | 39065.916414937055 | 39065.916414937055 | 39065.916414937055 | 39065.916414937055 | 39065.916414937055 | 39065.916414937055 | 39065.916414937055 | 39065.916414937055 | 39065.916414937055 | 39065.916414937055 | 39065.916414937055 | 39065.916414937055 | 39065.916414937055 | 39065.916414937055 | 39065.916414937055 | 39065.916414937055 | 39065.916414937055 | 39065.916414937055 | 39065.916414937055 | 39065.916414937055 | 39065.916414937055 | 39065.916414937055 | 39065.916414937055 | 39065.916414937055
 |  |  | Rio Paranaíba | 7279385.8938843645 | 342037.83675130096 | 342037.83675130096 | 235546.7935850629 | 235546.7935850629 | 235546.7935850629 | 235546.7935850629 | 235546.7935850629 | 235546.7935850629 | 235546.7935850629 | 235546.7935850629 | 235546.7935850629 | 235546.7935850629 | 235546.7935850629 | 235546.7935850629 | 235546.7935850629 | 235546.7935850629 | 235546.7935850629 | 235546.7935850629 | 235546.7935850629 | 235546.7935850629 | 235546.7935850629 | 235546.7935850629 | 235546.7935850629 | 235546.7935850629 | 235546.7935850629 | 235546.7935850629 | 235546.7935850629 | 235546.7935850629 | 235546.7935850629 | 235546.7935850629
 |  | Coromandel | Coromandel | 17452064.360000007 | 849455.0800000001 | 849455.0800000001 | 562612.65 | 562612.65 | 562612.65 | 562612.65 | 562612.65 | 562612.65 | 562612.65 | 562612.65 | 562612.65 | 562612.65 | 562612.65 | 562612.65 | 562612.65 | 562612.65 | 562612.65 | 562612.65 | 562612.65 | 562612.65 | 562612.65 | 562612.65 | 562612.65 | 562612.65 | 562612.65 | 562612.65 | 562612.65 | 562612.65 | 562612.65 | 562612.65
 |  | Guimarânia | Cruzeiro da Fortaleza | 943307.054526142 | 123372.78481497713 | 123372.78481497713 | 24877.195889149578 | 24877.195889149578 | 24877.195889149578 | 24877.195889149578 | 24877.195889149578 | 24877.195889149578 | 24877.195889149578 | 24877.195889149578 | 24877.195889149578 | 24877.195889149578 | 24877.195889149578 | 24877.195889149578 | 24877.195889149578 | 24877.195889149578 | 24877.195889149578 | 24877.195889149578 | 24877.195889149578 | 24877.195889149578 | 24877.195889149578 | 24877.195889149578 | 24877.195889149578 | 24877.195889149578 | 24877.195889149578 | 24877.195889149578 | 24877.195889149578 | 24877.195889149578 | 24877.195889149578 | 24877.195889149578
 |  |  | Guimânia | 2263029.7295983676 | 295976.03295767313 | 295976.03295767313 | 59681.34513153643 | 59681.34513153643 | 59681.34513153643 | 59681.34513153643 | 59681.34513153643 | 59681.34513153643 | 59681.34513153643 | 59681.34513153643 | 59681.34513153643 | 59681.34513153643 | 59681.34513153643 | 59681.34513153643 | 59681.34513153643 | 59681.34513153643 | 59681.34513153643 | 59681.34513153643 | 59681.34513153643 | 59681.34513153643 | 59681.34513153643 | 59681.34513153643 | 59681.34513153643 | 59681.34513153643 | 59681.34513153643 | 59681.34513153643 | 59681.34513153643 | 59681.34513153643 | 59681.34513153643 | 59681.34513153643
 |  |  | Serra do Salitre | 3349635.4358754894 | 438090.4922273498 | 438090.4922273498 | 88337.65897931403 | 88337.65897931403 | 88337.65897931403 | 88337.65897931403 | 88337.65897931403 | 88337.65897931403 | 88337.65897931403 | 88337.65897931403 | 88337.65897931403 | 88337.65897931403 | 88337.65897931403 | 88337.65897931403 | 88337.65897931403 | 88337.65897931403 | 88337.65897931403 | 88337.65897931403 | 88337.65897931403 | 88337.65897931403 | 88337.65897931403 | 88337.65897931403 | 88337.65897931403 | 88337.65897931403 | 88337.65897931403 | 88337.65897931403 | 88337.65897931403 | 88337.65897931403 | 88337.65897931403 | 88337.65897931403
 |  | Presidente Olegário | Presidente Olegário | 2562251.239999999 | 848944.3600000001 | 848944.3600000001 | 30870.09 | 30870.09 | 30870.09 | 30870.09 | 30870.09 | 30870.09 | 30870.09 | 30870.09 | 30870.09 | 30870.09 | 30870.09 | 30870.09 | 30870.09 | 30870.09 | 30870.09 | 30870.09 | 30870.09 | 30870.09 | 30870.09 | 30870.09 | 30870.09 | 30870.09 | 30870.09 | 30870.09 | 30870.09 | 30870.09 | 30870.09 | 30870.09
 |  | Patos de Minas | Lagoa Formosa | 1738306.404944787 | 724342.238825359 | 724342.238825359 | 10343.64026050242 | 10343.64026050242 | 10343.64026050242 | 10343.64026050242 | 10343.64026050242 | 10343.64026050242 | 10343.64026050242 | 10343.64026050242 | 10343.64026050242 | 10343.64026050242 | 10343.64026050242 | 10343.64026050242 | 10343.64026050242 | 10343.64026050242 | 10343.64026050242 | 10343.64026050242 | 10343.64026050242 | 10343.64026050242 | 10343.64026050242 | 10343.64026050242 | 10343.64026050242 | 10343.64026050242 | 10343.64026050242 | 10343.64026050242 | 10343.64026050242 | 10343.64026050242 | 10343.64026050242 | 10343.64026050242
 |  |  | Patos de Minas | 18678556.93505523 | 7783246.79117464 | 7783246.79117464 | 111145.11973949759 | 111145.11973949759 | 111145.11973949759 | 111145.11973949759 | 111145.11973949759 | 111145.11973949759 | 111145.11973949759 | 111145.11973949759 | 111145.11973949759 | 111145.11973949759 | 111145.11973949759 | 111145.11973949759 | 111145.11973949759 | 111145.11973949759 | 111145.11973949759 | 111145.11973949759 | 111145.11973949759 | 111145.11973949759 | 111145.11973949759 | 111145.11973949759 | 111145.11973949759 | 111145.11973949759 | 111145.11973949759 | 111145.11973949759 | 111145.11973949759 | 111145.11973949759 | 111145.11973949759 | 111145.11973949759
 |  | Total |  | 55473838.06000002 | 11462193.29 | 11462193.29 | 1162480.41 | 1162480.41 | 1162480.41 | 1162480.41 | 1162480.41 | 1162480.41 | 1162480.41 | 1162480.41 | 1162480.41 | 1162480.41 | 1162480.41 | 1162480.41 | 1162480.41 | 1162480.41 | 1162480.41 | 1162480.41 | 1162480.41 | 1162480.41 | 1162480.41 | 1162480.41 | 1162480.41 | 1162480.41 | 1162480.41 | 1162480.41 | 1162480.41 | 1162480.41 | 1162480.41 | 1162480.41
 |  |  |  | 105968910.94000001 | 13531663.489999998 | 13531663.489999998 | 2818056.5700000003 | 2818056.5700000003 | 2818056.5700000003 | 2818056.5700000003 | 2818056.5700000003 | 2818056.5700000003 | 2818056.5700000003 | 2818056.5700000003 | 2818056.5700000003 | 2818056.5700000003 | 2818056.5700000003 | 2818056.5700000003 | 2818056.5700000003 | 2818056.5700000003 | 2818056.5700000003 | 2818056.5700000003 | 2818056.5700000003 | 2818056.5700000003 | 2818056.5700000003 | 2818056.5700000003 | 2818056.5700000003 | 2818056.5700000003 | 2818056.5700000003 | 2818056.5700000003 | 2818056.5700000003 | 2818056.5700000003 | 2818056.5700000003 | 2818056.5700000003
 |  | OPEX - TRANSBORDO - POR MUNICÍPIO
 |  | COLETA |  | TOTAL | 1 | 2 | 3 | 4 | 5 | 6 | 7 | 8 | 9 | 10 | 11 | 12 | 13 | 14 | 15 | 16 | 17 | 18 | 19 | 20 | 21 | 22 | 23 | 24 | 25 | 26 | 27 | 28 | 29 | 30
 |  | Arapuá |  | 2973695.937866677 | 115607.5043070671 | 115607.5043070671 | 97945.7474733051 | 97945.7474733051 | 97945.7474733051 | 97945.7474733051 | 97945.7474733051 | 97945.7474733051 | 97945.7474733051 | 97945.7474733051 | 97945.7474733051 | 97945.7474733051 | 97945.7474733051 | 97945.7474733051 | 97945.7474733051 | 97945.7474733051 | 97945.7474733051 | 97945.7474733051 | 97945.7474733051 | 97945.7474733051 | 97945.7474733051 | 97945.7474733051 | 97945.7474733051 | 97945.7474733051 | 97945.7474733051 | 97945.7474733051 | 97945.7474733051 | 97945.7474733051 | 97945.7474733051 | 97945.7474733051
 |  | Coromandel |  | 29868885.560000017 | 1263349.12 | 1263349.12 | 976506.6900000001 | 976506.6900000001 | 976506.6900000001 | 976506.6900000001 | 976506.6900000001 | 976506.6900000001 | 976506.6900000001 | 976506.6900000001 | 976506.6900000001 | 976506.6900000001 | 976506.6900000001 | 976506.6900000001 | 976506.6900000001 | 976506.6900000001 | 976506.6900000001 | 976506.6900000001 | 976506.6900000001 | 976506.6900000001 | 976506.6900000001 | 976506.6900000001 | 976506.6900000001 | 976506.6900000001 | 976506.6900000001 | 976506.6900000001 | 976506.6900000001 | 976506.6900000001 | 976506.6900000001 | 976506.6900000001
 |  | Cruzeiro da Fortaleza |  | 2729903.251047208 | 182925.99136567928 | 182925.99136567928 | 84430.40243985174 | 84430.40243985174 | 84430.40243985174 | 84430.40243985174 | 84430.40243985174 | 84430.40243985174 | 84430.40243985174 | 84430.40243985174 | 84430.40243985174 | 84430.40243985174 | 84430.40243985174 | 84430.40243985174 | 84430.40243985174 | 84430.40243985174 | 84430.40243985174 | 84430.40243985174 | 84430.40243985174 | 84430.40243985174 | 84430.40243985174 | 84430.40243985174 | 84430.40243985174 | 84430.40243985174 | 84430.40243985174 | 84430.40243985174 | 84430.40243985174 | 84430.40243985174 | 84430.40243985174 | 84430.40243985174
 |  | Guimarânia |  | 6549142.388371537 | 438846.4549167789 | 438846.4549167789 | 202551.76709064218 | 202551.76709064218 | 202551.76709064218 | 202551.76709064218 | 202551.76709064218 | 202551.76709064218 | 202551.76709064218 | 202551.76709064218 | 202551.76709064218 | 202551.76709064218 | 202551.76709064218 | 202551.76709064218 | 202551.76709064218 | 202551.76709064218 | 202551.76709064218 | 202551.76709064218 | 202551.76709064218 | 202551.76709064218 | 202551.76709064218 | 202551.76709064218 | 202551.76709064218 | 202551.76709064218 | 202551.76709064218 | 202551.76709064218 | 202551.76709064218 | 202551.76709064218 | 202551.76709064218 | 202551.76709064218
 |  | Lagoa Formosa |  | 2795483.4777190913 | 759581.4745845025 | 759581.4745845025 | 45582.8760196459 | 45582.8760196459 | 45582.8760196459 | 45582.8760196459 | 45582.8760196459 | 45582.8760196459 | 45582.8760196459 | 45582.8760196459 | 45582.8760196459 | 45582.8760196459 | 45582.8760196459 | 45582.8760196459 | 45582.8760196459 | 45582.8760196459 | 45582.8760196459 | 45582.8760196459 | 45582.8760196459 | 45582.8760196459 | 45582.8760196459 | 45582.8760196459 | 45582.8760196459 | 45582.8760196459 | 45582.8760196459 | 45582.8760196459 | 45582.8760196459 | 45582.8760196459 | 45582.8760196459 | 45582.8760196459
 |  | Patos de Minas |  | 30038201.062280938 | 8161901.595415496 | 8161901.595415496 | 489799.92398035416 | 489799.92398035416 | 489799.92398035416 | 489799.92398035416 | 489799.92398035416 | 489799.92398035416 | 489799.92398035416 | 489799.92398035416 | 489799.92398035416 | 489799.92398035416 | 489799.92398035416 | 489799.92398035416 | 489799.92398035416 | 489799.92398035416 | 489799.92398035416 | 489799.92398035416 | 489799.92398035416 | 489799.92398035416 | 489799.92398035416 | 489799.92398035416 | 489799.92398035416 | 489799.92398035416 | 489799.92398035416 | 489799.92398035416 | 489799.92398035416 | 489799.92398035416 | 489799.92398035416 | 489799.92398035416
 |  | Presidente Olegário |  | 3390039.319999996 | 1262838.4000000001 | 1262838.4000000001 | 30870.09 | 30870.09 | 30870.09 | 30870.09 | 30870.09 | 30870.09 | 30870.09 | 30870.09 | 30870.09 | 30870.09 | 30870.09 | 30870.09 | 30870.09 | 30870.09 | 30870.09 | 30870.09 | 30870.09 | 30870.09 | 30870.09 | 30870.09 | 30870.09 | 30870.09 | 30870.09 | 30870.09 | 30870.09 | 30870.09 | 30870.09 | 30870.09
 |  | Rio Paranaíba |  | 17929812.16213332 | 697052.045692933 | 697052.045692933 | 590561.0025266949 | 590561.0025266949 | 590561.0025266949 | 590561.0025266949 | 590561.0025266949 | 590561.0025266949 | 590561.0025266949 | 590561.0025266949 | 590561.0025266949 | 590561.0025266949 | 590561.0025266949 | 590561.0025266949 | 590561.0025266949 | 590561.0025266949 | 590561.0025266949 | 590561.0025266949 | 590561.0025266949 | 590561.0025266949 | 590561.0025266949 | 590561.0025266949 | 590561.0025266949 | 590561.0025266949 | 590561.0025266949 | 590561.0025266949 | 590561.0025266949 | 590561.0025266949 | 590561.0025266949 | 590561.0025266949
 |  | Serra do Salitre |  | 9693747.780581255 | 649560.9037175418 | 649560.9037175418 | 299808.07046950614 | 299808.07046950614 | 299808.07046950614 | 299808.07046950614 | 299808.07046950614 | 299808.07046950614 | 299808.07046950614 | 299808.07046950614 | 299808.07046950614 | 299808.07046950614 | 299808.07046950614 | 299808.07046950614 | 299808.07046950614 | 299808.07046950614 | 299808.07046950614 | 299808.07046950614 | 299808.07046950614 | 299808.07046950614 | 299808.07046950614 | 299808.07046950614 | 299808.07046950614 | 299808.07046950614 | 299808.07046950614 | 299808.07046950614 | 299808.07046950614 | 299808.07046950614 | 299808.07046950614 | 299808.07046950614
 |  | TOTAL |  | 105968910.94000003 | 13531663.49 | 13531663.49 | 2818056.5700000003 | 2818056.5700000003 | 2818056.5700000003 | 2818056.5700000003 | 2818056.5700000003 | 2818056.5700000003 | 2818056.5700000003 | 2818056.5700000003 | 2818056.5700000003 | 2818056.5700000003 | 2818056.5700000003 | 2818056.5700000003 | 2818056.5700000003 | 2818056.5700000003 | 2818056.5700000003 | 2818056.5700000003 | 2818056.5700000003 | 2818056.5700000003 | 2818056.5700000003 | 2818056.5700000003 | 2818056.5700000003 | 2818056.5700000003 | 2818056.5700000003 | 2818056.5700000003 | 2818056.5700000003 | 2818056.5700000003 | 2818056.5700000003 | 2818056.5700000003
 |  | Rateio - Por resíduos (envio à CTR) |  |  | Ano 1 - 2 |  | Ano 1-2 | Ano 3-30 |  | Ano 1-2 | Ano 3-30
 |  | Transbordo | Municípios |  | % |  | % | % |  | % | %
 |  | Arapuá | Arapuá |  | 0.007910717274950302 |  | 0.14225822400914023 | 0.14225822400914023 |  | 0.004949111554259878 | 0.033605655698694364
 |  |  | Rio Paranaíba |  | 0.047697437051804334 |  | 0.8577417759908598 | 0.8577417759908598 |  | 0.029840522498404052 | 0.2026243122540559
 |  | Coromandel | Coromandel |  | 0.09285172789482206 |  | 1 | 1 |  | 0.07410929640674382 | 0.4839760267443991
 |  | Guimarânia | Cruzeiro da Fortaleza |  | 0.010953993782128942 |  | 0.1438851512592502 | 0.1438851512592502 |  | 0.010763453528794674 | 0.021400099025453322
 |  |  | Guimarânia |  | 0.026279050355714737 |  | 0.34518598518380633 | 0.34518598518380633 |  | 0.025821936994893685 | 0.05133965666701982
 |  |  | Serra do Salitre |  | 0.03889707551843825 |  | 0.5109288635569434 | 0.5109288635569434 |  | 0.03822047675723237 | 0.07599066463349179
 |  | Presidente Olegário | Presidente Olegário |  | 0.05865832037946284 |  | 1 | 0 |  | 0.07406473948931289 | 0.026555363629740654
 |  | Patos de Minas | Lagoa Formosa |  | 0.06102475250123406 |  | 0.08514071804257793 | 0.08514071804257793 |  | 0.06319403455334324 | 0.008897905006848606
 |  |  | Patos de Minas |  | 0.6557269252414444 |  | 0.914859281957422 | 0.914859281957422 |  | 0.6790364282170154 | 0.09561031634029651
 |  | Total |  |  | 0.9999999999999999 |  | 5 | 4 |  | 1 | 1
 |  |  |  |  |  |  | Valores a ponderar - Operação das Estações |  |  | Valores a ponderar - Transporte
[72 linhas]
