 |  | OPEX - Socioambiental
 |  | Programa de Educação Ambiental
 |  | Descrição |  | Preço (R$/ano)
 |  | Diagramação e impressão de folheto cidade limpa  |  | 13518
 |  | Produção de cartilha institucional tipo 4 - digital |  | 137613.6
 |  | Redação, formatação de informativo digital |  | 7432.04
 |  | Produção de vídeo institucional - documentário e entrevista com gravação interna e xerna, incluindo roteiro, edição, montagem, trilha sonora, locação de equipamentos e equipe técnica |  | 52295.04
 |  | Veículo  |  | 104957.4
 |  | Seminário/forum - 8 horas |  | 15975.9
 |  | Seminário/fórum |  | 7987.95
 |  | Técnico de nível médio - mobilizador social |  | 9235.6
 |  | Estagiário de nível superior - 4 horas |  | 2451.08
 |  | Técnico de nível superior supervisor |  | 14016.2
 |  | Técnico de nível superior |  | 126145.8
 |  | Técnico de nível médio - mobilizador social |  | 41560.2
 |  | Técnico de nível médio - auxiliar administrativo |  | 10326.8
 |  | Total |  | 543515.6100000001
 |  | Elaboração do PTTs |  | 15021.1
 |  | Do ano | 1 | até o ano | 30
 |  | Programa de Ações de Remediação dos Antigos Lixões
 |  | Descrição |  | Preço (R$/ano)
 |  | Projetos Executivos |  | 1478136.24
 |  | Recursos Materias e Consultorias |  | 461869.04
 |  | Total |  | 1940005.28
 |  |  | Ano | % | Valor (em R$)
 |  | Implantação | 1 | 0.5 | 970002.64
 |  |  | 2 | 0.5 | 970002.64
 |  | OPEX - Socioambiental
 |  |  |  | TOTAL | 1 | 2 | 3 | 4 | 5 | 6 | 7 | 8 | 9 | 10 | 11 | 12 | 13 | 14 | 15 | 16 | 17 | 18 | 19 | 20 | 21 | 22 | 23 | 24 | 25 | 26 | 27 | 28 | 29 | 30 | 31 | 32 | 33 | 34 | 35
 |  | Programa de Educação Ambiental |  | 16320489.399999995 | 558536.7100000001 | 543515.6100000001 | 543515.6100000001 | 543515.6100000001 | 543515.6100000001 | 543515.6100000001 | 543515.6100000001 | 543515.6100000001 | 543515.6100000001 | 543515.6100000001 | 543515.6100000001 | 543515.6100000001 | 543515.6100000001 | 543515.6100000001 | 543515.6100000001 | 543515.6100000001 | 543515.6100000001 | 543515.6100000001 | 543515.6100000001 | 543515.6100000001 | 543515.6100000001 | 543515.6100000001 | 543515.6100000001 | 543515.6100000001 | 543515.6100000001 | 543515.6100000001 | 543515.6100000001 | 543515.6100000001 | 543515.6100000001 | 543515.6100000001 | 0 | 0 | 0 | 0 | 0
 |  | Progama de Ações de Remediação dos Antigos Lixões |  | 1940005.28 | 970002.64 | 970002.64 | 0 | 0 | 0 | 0 | 0 | 0 | 0 | 0 | 0 | 0 | 0 | 0 | 0 | 0 | 0 | 0 | 0 | 0 | 0 | 0 | 0 | 0 | 0 | 0 | 0 | 0 | 0 | 0 | 0 | 0 | 0 | 0 | 0
 |  | TOTAL |  | 18260494.679999996 | 1528539.35 | 1513518.25 | 543515.6100000001 | 543515.6100000001 | 543515.6100000001 | 543515.6100000001 | 543515.6100000001 | 543515.6100000001 | 543515.6100000001 | 543515.6100000001 | 543515.6100000001 | 543515.6100000001 | 543515.6100000001 | 543515.6100000001 | 543515.6100000001 | 543515.6100000001 | 543515.6100000001 | 543515.6100000001 | 543515.6100000001 | 543515.6100000001 | 543515.6100000001 | 543515.6100000001 | 543515.6100000001 | 543515.6100000001 | 543515.6100000001 | 543515.6100000001 | 543515.6100000001 | 543515.6100000001 | 543515.6100000001 | 543515.6100000001 | 0 | 0 | 0 | 0 | 0
 |  | OPEX - Socioambiental - POR MUNICÍPIO
 |  | COLETA |  | TOTAL | 1 | 2 | 3 | 4 | 5 | 6 | 7 | 8 | 9 | 10 | 11 | 12 | 13 | 14 | 15 | 16 | 17 | 18 | 19 | 20 | 21 | 22 | 23 | 24 | 25 | 26 | 27 | 28 | 29 | 30 | 31 | 32 | 33 | 34 | 35
 |  | Arapuá |  | 124667.56341536676 | 10435.60317989198 | 10333.051525644101 | 3710.675311065384 | 3710.675311065384 | 3710.675311065384 | 3710.675311065384 | 3710.675311065384 | 3710.675311065384 | 3710.675311065384 | 3710.675311065384 | 3710.675311065384 | 3710.675311065384 | 3710.675311065384 | 3710.675311065384 | 3710.675311065384 | 3710.675311065384 | 3710.675311065384 | 3710.675311065384 | 3710.675311065384 | 3710.675311065384 | 3710.675311065384 | 3710.675311065384 | 3710.675311065384 | 3710.675311065384 | 3710.675311065384 | 3710.675311065384 | 3710.675311065384 | 3710.675311065384 | 3710.675311065384 | 3710.675311065384 | 0 | 0 | 0 | 0 | 0
 |  | Coromandel |  | 1578870.0515004124 | 132163.17764371246 | 130864.39766287389 | 46994.37414977949 | 46994.37414977949 | 46994.37414977949 | 46994.37414977949 | 46994.37414977949 | 46994.37414977949 | 46994.37414977949 | 46994.37414977949 | 46994.37414977949 | 46994.37414977949 | 46994.37414977949 | 46994.37414977949 | 46994.37414977949 | 46994.37414977949 | 46994.37414977949 | 46994.37414977949 | 46994.37414977949 | 46994.37414977949 | 46994.37414977949 | 46994.37414977949 | 46994.37414977949 | 46994.37414977949 | 46994.37414977949 | 46994.37414977949 | 46994.37414977949 | 46994.37414977949 | 46994.37414977949 | 46994.37414977949 | 0 | 0 | 0 | 0 | 0
 |  | Cruzeiro da Fortaleza |  | 189138.7003574835 | 15832.317315089997 | 15676.731643303594 | 5629.630407110359 | 5629.630407110359 | 5629.630407110359 | 5629.630407110359 | 5629.630407110359 | 5629.630407110359 | 5629.630407110359 | 5629.630407110359 | 5629.630407110359 | 5629.630407110359 | 5629.630407110359 | 5629.630407110359 | 5629.630407110359 | 5629.630407110359 | 5629.630407110359 | 5629.630407110359 | 5629.630407110359 | 5629.630407110359 | 5629.630407110359 | 5629.630407110359 | 5629.630407110359 | 5629.630407110359 | 5629.630407110359 | 5629.630407110359 | 5629.630407110359 | 5629.630407110359 | 5629.630407110359 | 5629.630407110359 | 0 | 0 | 0 | 0 | 0
 |  | Guimarânia |  | 504671.3337753139 | 42244.74780179126 | 41829.60469068621 | 15021.320760101295 | 15021.320760101295 | 15021.320760101295 | 15021.320760101295 | 15021.320760101295 | 15021.320760101295 | 15021.320760101295 | 15021.320760101295 | 15021.320760101295 | 15021.320760101295 | 15021.320760101295 | 15021.320760101295 | 15021.320760101295 | 15021.320760101295 | 15021.320760101295 | 15021.320760101295 | 15021.320760101295 | 15021.320760101295 | 15021.320760101295 | 15021.320760101295 | 15021.320760101295 | 15021.320760101295 | 15021.320760101295 | 15021.320760101295 | 15021.320760101295 | 15021.320760101295 | 15021.320760101295 | 15021.320760101295 | 0 | 0 | 0 | 0 | 0
 |  | Lagoa Formosa |  | 1096053.4851233964 | 91747.83657699631 | 90846.22195516356 | 32623.55094968701 | 32623.55094968701 | 32623.55094968701 | 32623.55094968701 | 32623.55094968701 | 32623.55094968701 | 32623.55094968701 | 32623.55094968701 | 32623.55094968701 | 32623.55094968701 | 32623.55094968701 | 32623.55094968701 | 32623.55094968701 | 32623.55094968701 | 32623.55094968701 | 32623.55094968701 | 32623.55094968701 | 32623.55094968701 | 32623.55094968701 | 32623.55094968701 | 32623.55094968701 | 32623.55094968701 | 32623.55094968701 | 32623.55094968701 | 32623.55094968701 | 32623.55094968701 | 32623.55094968701 | 32623.55094968701 | 0 | 0 | 0 | 0 | 0
 |  | Patos de Minas |  | 12133120.388314942 | 1015632.5048597566 | 1005651.7886820873 | 361137.0033847533 | 361137.0033847533 | 361137.0033847533 | 361137.0033847533 | 361137.0033847533 | 361137.0033847533 | 361137.0033847533 | 361137.0033847533 | 361137.0033847533 | 361137.0033847533 | 361137.0033847533 | 361137.0033847533 | 361137.0033847533 | 361137.0033847533 | 361137.0033847533 | 361137.0033847533 | 361137.0033847533 | 361137.0033847533 | 361137.0033847533 | 361137.0033847533 | 361137.0033847533 | 361137.0033847533 | 361137.0033847533 | 361137.0033847533 | 361137.0033847533 | 361137.0033847533 | 361137.0033847533 | 361137.0033847533 | 0 | 0 | 0 | 0 | 0
 |  | Presidente Olegário |  | 990736.295221889 | 82932.00371940169 | 82117.02311646889 | 29488.831013786385 | 29488.831013786385 | 29488.831013786385 | 29488.831013786385 | 29488.831013786385 | 29488.831013786385 | 29488.831013786385 | 29488.831013786385 | 29488.831013786385 | 29488.831013786385 | 29488.831013786385 | 29488.831013786385 | 29488.831013786385 | 29488.831013786385 | 29488.831013786385 | 29488.831013786385 | 29488.831013786385 | 29488.831013786385 | 29488.831013786385 | 29488.831013786385 | 29488.831013786385 | 29488.831013786385 | 29488.831013786385 | 29488.831013786385 | 29488.831013786385 | 29488.831013786385 | 29488.831013786385 | 29488.831013786385 | 0 | 0 | 0 | 0 | 0
 |  | Rio Paranaíba |  | 902612.4719477588 | 75555.3836492737 | 74812.89378577485 | 26865.864089739676 | 26865.864089739676 | 26865.864089739676 | 26865.864089739676 | 26865.864089739676 | 26865.864089739676 | 26865.864089739676 | 26865.864089739676 | 26865.864089739676 | 26865.864089739676 | 26865.864089739676 | 26865.864089739676 | 26865.864089739676 | 26865.864089739676 | 26865.864089739676 | 26865.864089739676 | 26865.864089739676 | 26865.864089739676 | 26865.864089739676 | 26865.864089739676 | 26865.864089739676 | 26865.864089739676 | 26865.864089739676 | 26865.864089739676 | 26865.864089739676 | 26865.864089739676 | 26865.864089739676 | 26865.864089739676 | 0 | 0 | 0 | 0 | 0
 |  | Serra do Salitre |  | 740624.3903434469 | 61995.77525408627 | 61386.53693799768 | 22044.359933977237 | 22044.359933977237 | 22044.359933977237 | 22044.359933977237 | 22044.359933977237 | 22044.359933977237 | 22044.359933977237 | 22044.359933977237 | 22044.359933977237 | 22044.359933977237 | 22044.359933977237 | 22044.359933977237 | 22044.359933977237 | 22044.359933977237 | 22044.359933977237 | 22044.359933977237 | 22044.359933977237 | 22044.359933977237 | 22044.359933977237 | 22044.359933977237 | 22044.359933977237 | 22044.359933977237 | 22044.359933977237 | 22044.359933977237 | 22044.359933977237 | 22044.359933977237 | 22044.359933977237 | 22044.359933977237 | 0 | 0 | 0 | 0 | 0
 |  | TOTAL |  | 18260494.680000007 | 1528539.3500000006 | 1513518.2500000002 | 543515.6100000001 | 543515.6100000001 | 543515.6100000001 | 543515.6100000001 | 543515.6100000001 | 543515.6100000001 | 543515.6100000001 | 543515.6100000001 | 543515.6100000001 | 543515.6100000001 | 543515.6100000001 | 543515.6100000001 | 543515.6100000001 | 543515.6100000001 | 543515.6100000001 | 543515.6100000001 | 543515.6100000001 | 543515.6100000001 | 543515.6100000001 | 543515.6100000001 | 543515.6100000001 | 543515.6100000001 | 543515.6100000001 | 543515.6100000001 | 543515.6100000001 | 543515.6100000001 | 543515.6100000001 | 543515.6100000001 | 0 | 0 | 0 | 0 | 0
 |  | Rateio - Por resíduos  (envio à CTR)
 |  | Municípios |  |  | %
 |  | Arapuá |  |  | 0.006827173392619549
 |  | Coromandel |  |  | 0.08646370644217465
 |  | Cruzeiro da Fortaleza |  |  | 0.010357808135649236
 |  | Guimarânia |  |  | 0.027637330894877687
 |  | Lagoa Formosa |  |  | 0.06002320880845907
 |  | Patos de Minas |  |  | 0.6644464238750258
 |  | Presidente Olegário |  |  | 0.054255720482041685
 |  | Rio Paranaíba |  |  | 0.04942979299111514
 |  | Serra do Salitre |  |  | 0.040558834978037216
 |  | TOTAL |  |  | 1
[56 linhas]
