 |  | OPEX - Tratamento e Triagem
 |  | Operação Unidade de Triagem Mecanizada
 |  | Operação  (R$/por ano)  |  | 1845029.11 | (do 3º ano até 9º ano)
 |  | Operação  (R$/por ano) |  | 1845029.11 | (do 8º ano até 30° ano)
 |  | Operação Compostagem
 |  | Descrição |  | Quantidade | Preço Unitário (R$) | Preço (R$/mês) | Preço (R$/ano)
 |  | Encarregado |  | 1 | 7235.18 | 7235.18 | 86822.16
 |  | Auxiliar de pátio |  | 2 | 4014.3 | 8028.6 | 96343.20000000001
 |  | Retro escavadeira com operador (CHP) |  | 88 | 162.41 | 14292.08 | 171504.96
 |  | Retro escavadeira com operador (CHI) |  | 88 | 77.99 | 6863.12 | 82357.44
 |  | Moto-serra com operador (CHP) |  | 88 | 59.21 | 5210.4800000000005 | 62525.76000000001
 |  | Moto-serra com operador (CHI) |  | 88 | 54.18 | 4767.84 | 57214.08
 |  | Total |  | 355 | 11603.269999999999 | 46397.3 | 556767.6
 |  | A partir do ano |  | 3
 |  | OPEX - TRATAMENTO E TRIAGEM
 |  |  |  | Total | 1 | 2 | 3 | 4 | 5 | 6 | 7 | 8 | 9 | 10 | 11 | 12 | 13 | 14 | 15 | 16 | 17 | 18 | 19 | 20 | 21 | 22 | 23 | 24 | 25 | 26 | 27 | 28 | 29 | 30 | 31 | 32 | 33 | 34 | 35
 |  | Unidade de Triagem Mecanizada - UTM |  | 51660815.07999999 | 0 | 0 | 1845029.11 | 1845029.11 | 1845029.11 | 1845029.11 | 1845029.11 | 1845029.11 | 1845029.11 | 1845029.11 | 1845029.11 | 1845029.11 | 1845029.11 | 1845029.11 | 1845029.11 | 1845029.11 | 1845029.11 | 1845029.11 | 1845029.11 | 1845029.11 | 1845029.11 | 1845029.11 | 1845029.11 | 1845029.11 | 1845029.11 | 1845029.11 | 1845029.11 | 1845029.11 | 1845029.11 | 1845029.11 | 0 | 0 | 0 | 0 | 0
 |  | Operação compostagem |  | 15589492.799999993 | 0 | 0 | 556767.6 | 556767.6 | 556767.6 | 556767.6 | 556767.6 | 556767.6 | 556767.6 | 556767.6 | 556767.6 | 556767.6 | 556767.6 | 556767.6 | 556767.6 | 556767.6 | 556767.6 | 556767.6 | 556767.6 | 556767.6 | 556767.6 | 556767.6 | 556767.6 | 556767.6 | 556767.6 | 556767.6 | 556767.6 | 556767.6 | 556767.6 | 556767.6 | 0 | 0 | 0 | 0 | 0
 |  | TOTAL |  | 67250307.87999998 | 0 | 0 | 2401796.71 | 2401796.71 | 2401796.71 | 2401796.71 | 2401796.71 | 2401796.71 | 2401796.71 | 2401796.71 | 2401796.71 | 2401796.71 | 2401796.71 | 2401796.71 | 2401796.71 | 2401796.71 | 2401796.71 | 2401796.71 | 2401796.71 | 2401796.71 | 2401796.71 | 2401796.71 | 2401796.71 | 2401796.71 | 2401796.71 | 2401796.71 | 2401796.71 | 2401796.71 | 2401796.71 | 2401796.71 | 0 | 0 | 0 | 0 | 0
 |  | OPEX - TRATAMENTO - POR MUNICÍPIO
 |  | COLETA |  | TOTAL | 1 | 2 | 3 | 4 | 5 | 6 | 7 | 8 | 9 | 10 | 11 | 12 | 13 | 14 | 15 | 16 | 17 | 18 | 19 | 20 | 21 | 22 | 23 | 24 | 25 | 26 | 27 | 28 | 29 | 30 | 31 | 32 | 33 | 34 | 35
 |  | Arapuá |  | 459129.512603809 | 0 | 0 | 16397.48259299317 | 16397.48259299317 | 16397.48259299317 | 16397.48259299317 | 16397.48259299317 | 16397.48259299317 | 16397.48259299317 | 16397.48259299317 | 16397.48259299317 | 16397.48259299317 | 16397.48259299317 | 16397.48259299317 | 16397.48259299317 | 16397.48259299317 | 16397.48259299317 | 16397.48259299317 | 16397.48259299317 | 16397.48259299317 | 16397.48259299317 | 16397.48259299317 | 16397.48259299317 | 16397.48259299317 | 16397.48259299317 | 16397.48259299317 | 16397.48259299317 | 16397.48259299317 | 16397.48259299317 | 16397.48259299317 | 0 | 0 | 0 | 0 | 0
 |  | Coromandel |  | 5814710.878682187 | 0 | 0 | 207668.24566722088 | 207668.24566722088 | 207668.24566722088 | 207668.24566722088 | 207668.24566722088 | 207668.24566722088 | 207668.24566722088 | 207668.24566722088 | 207668.24566722088 | 207668.24566722088 | 207668.24566722088 | 207668.24566722088 | 207668.24566722088 | 207668.24566722088 | 207668.24566722088 | 207668.24566722088 | 207668.24566722088 | 207668.24566722088 | 207668.24566722088 | 207668.24566722088 | 207668.24566722088 | 207668.24566722088 | 207668.24566722088 | 207668.24566722088 | 207668.24566722088 | 207668.24566722088 | 207668.24566722088 | 207668.24566722088 | 0 | 0 | 0 | 0 | 0
 |  | Cruzeiro da Fortaleza |  | 696565.7860843794 | 0 | 0 | 24877.349503013567 | 24877.349503013567 | 24877.349503013567 | 24877.349503013567 | 24877.349503013567 | 24877.349503013567 | 24877.349503013567 | 24877.349503013567 | 24877.349503013567 | 24877.349503013567 | 24877.349503013567 | 24877.349503013567 | 24877.349503013567 | 24877.349503013567 | 24877.349503013567 | 24877.349503013567 | 24877.349503013567 | 24877.349503013567 | 24877.349503013567 | 24877.349503013567 | 24877.349503013567 | 24877.349503013567 | 24877.349503013567 | 24877.349503013567 | 24877.349503013567 | 24877.349503013567 | 24877.349503013567 | 24877.349503013567 | 0 | 0 | 0 | 0 | 0
 |  | Guimarânia |  | 1858619.0116619612 | 0 | 0 | 66379.25041649859 | 66379.25041649859 | 66379.25041649859 | 66379.25041649859 | 66379.25041649859 | 66379.25041649859 | 66379.25041649859 | 66379.25041649859 | 66379.25041649859 | 66379.25041649859 | 66379.25041649859 | 66379.25041649859 | 66379.25041649859 | 66379.25041649859 | 66379.25041649859 | 66379.25041649859 | 66379.25041649859 | 66379.25041649859 | 66379.25041649859 | 66379.25041649859 | 66379.25041649859 | 66379.25041649859 | 66379.25041649859 | 66379.25041649859 | 66379.25041649859 | 66379.25041649859 | 66379.25041649859 | 66379.25041649859 | 0 | 0 | 0 | 0 | 0
 |  | Lagoa Formosa |  | 4036579.272314403 | 0 | 0 | 144163.54543980001 | 144163.54543980001 | 144163.54543980001 | 144163.54543980001 | 144163.54543980001 | 144163.54543980001 | 144163.54543980001 | 144163.54543980001 | 144163.54543980001 | 144163.54543980001 | 144163.54543980001 | 144163.54543980001 | 144163.54543980001 | 144163.54543980001 | 144163.54543980001 | 144163.54543980001 | 144163.54543980001 | 144163.54543980001 | 144163.54543980001 | 144163.54543980001 | 144163.54543980001 | 144163.54543980001 | 144163.54543980001 | 144163.54543980001 | 144163.54543980001 | 144163.54543980001 | 144163.54543980001 | 144163.54543980001 | 0 | 0 | 0 | 0 | 0
 |  | Patos de Minas |  | 44684226.57536049 | 0 | 0 | 1595865.2348343024 | 1595865.2348343024 | 1595865.2348343024 | 1595865.2348343024 | 1595865.2348343024 | 1595865.2348343024 | 1595865.2348343024 | 1595865.2348343024 | 1595865.2348343024 | 1595865.2348343024 | 1595865.2348343024 | 1595865.2348343024 | 1595865.2348343024 | 1595865.2348343024 | 1595865.2348343024 | 1595865.2348343024 | 1595865.2348343024 | 1595865.2348343024 | 1595865.2348343024 | 1595865.2348343024 | 1595865.2348343024 | 1595865.2348343024 | 1595865.2348343024 | 1595865.2348343024 | 1595865.2348343024 | 1595865.2348343024 | 1595865.2348343024 | 1595865.2348343024 | 0 | 0 | 0 | 0 | 0
 |  | Presidente Olegário |  | 3648713.9066685243 | 0 | 0 | 130311.21095244733 | 130311.21095244733 | 130311.21095244733 | 130311.21095244733 | 130311.21095244733 | 130311.21095244733 | 130311.21095244733 | 130311.21095244733 | 130311.21095244733 | 130311.21095244733 | 130311.21095244733 | 130311.21095244733 | 130311.21095244733 | 130311.21095244733 | 130311.21095244733 | 130311.21095244733 | 130311.21095244733 | 130311.21095244733 | 130311.21095244733 | 130311.21095244733 | 130311.21095244733 | 130311.21095244733 | 130311.21095244733 | 130311.21095244733 | 130311.21095244733 | 130311.21095244733 | 130311.21095244733 | 130311.21095244733 | 0 | 0 | 0 | 0 | 0
 |  | Rio Paranaíba |  | 3324168.7970971577 | 0 | 0 | 118720.3141820414 | 118720.3141820414 | 118720.3141820414 | 118720.3141820414 | 118720.3141820414 | 118720.3141820414 | 118720.3141820414 | 118720.3141820414 | 118720.3141820414 | 118720.3141820414 | 118720.3141820414 | 118720.3141820414 | 118720.3141820414 | 118720.3141820414 | 118720.3141820414 | 118720.3141820414 | 118720.3141820414 | 118720.3141820414 | 118720.3141820414 | 118720.3141820414 | 118720.3141820414 | 118720.3141820414 | 118720.3141820414 | 118720.3141820414 | 118720.3141820414 | 118720.3141820414 | 118720.3141820414 | 118720.3141820414 | 0 | 0 | 0 | 0 | 0
 |  | Serra do Salitre |  | 2727594.1395271146 | 0 | 0 | 97414.0764116827 | 97414.0764116827 | 97414.0764116827 | 97414.0764116827 | 97414.0764116827 | 97414.0764116827 | 97414.0764116827 | 97414.0764116827 | 97414.0764116827 | 97414.0764116827 | 97414.0764116827 | 97414.0764116827 | 97414.0764116827 | 97414.0764116827 | 97414.0764116827 | 97414.0764116827 | 97414.0764116827 | 97414.0764116827 | 97414.0764116827 | 97414.0764116827 | 97414.0764116827 | 97414.0764116827 | 97414.0764116827 | 97414.0764116827 | 97414.0764116827 | 97414.0764116827 | 97414.0764116827 | 97414.0764116827 | 0 | 0 | 0 | 0 | 0
 |  | TOTAL |  | 67250307.88000003 | 0 | 0 | 2401796.71 | 2401796.71 | 2401796.71 | 2401796.71 | 2401796.71 | 2401796.71 | 2401796.71 | 2401796.71 | 2401796.71 | 2401796.71 | 2401796.71 | 2401796.71 | 2401796.71 | 2401796.71 | 2401796.71 | 2401796.71 | 2401796.71 | 2401796.71 | 2401796.71 | 2401796.71 | 2401796.71 | 2401796.71 | 2401796.71 | 2401796.71 | 2401796.71 | 2401796.71 | 2401796.71 | 2401796.71 | 0 | 0 | 0 | 0 | 0
 |  | Rateio - Por resíduos  (envio à CTR)
 |  | Municípios |  |  | %
 |  | Arapuá |  |  | 0.006827173392619549
 |  | Coromandel |  |  | 0.08646370644217465
 |  | Cruzeiro da Fortaleza |  |  | 0.010357808135649236
 |  | Guimarânia |  |  | 0.027637330894877687
 |  | Lagoa Formosa |  |  | 0.06002320880845907
 |  | Patos de Minas |  |  | 0.6644464238750258
 |  | Presidente Olegário |  |  | 0.054255720482041685
 |  | Rio Paranaíba |  |  | 0.04942979299111514
 |  | Serra do Salitre |  |  | 0.040558834978037216
 |  | TOTAL |  |  | 1
[43 linhas]
