 |  |  | OPEX - Coleta
 |  |  | Custos Coleta Convencional (Urbana e Rural)
 |  |  | Custos Operacionais |  |  | 51302.26000000001 | mensal
 |  |  | Custos diretos de mão de obra |  |  | 28222.56 | mensal
 |  |  | Custos dependentes de mão de obra |  |  | 826.49 | mensal
 |  |  | Custos dependentes de quilometragem |  |  | 22253.210000000003 | mensal
 |  |  |  | Subtotal Custos mensais combustível |  | 8555.28 | mensal
 |  |  |  | Dias de coleta por mês |  | 26.08 | dias
 |  |  |  | Extensão diária (informação operacional)  |  | 122.77750000000002 | Km
 |  |  |  | Extensão mensal (quilometragem caminhões) |  | 3625.12 | Km
 |  |  |  | Consumo (litro/km) |  | 0.4 | litro/km
 |  |  |  | Valor do litro do diesel |  | 5.9 | R$
 |  |  |  | Subtotal Custo Mensal de Rodagem |  | 3625.12 | mensal
 |  |  |  | Subtotal Custo Mensal de Lavagem e Lubrificação |  | 855.53 | mensal
 |  |  |  | Subtotal Custo Mensal Peças e Acessórios |  | 9217.28 | mensal
 |  |  | Licenciamento e Seguros |  |  | 4457.5599999999995 | mensal
 |  |  | IPVA dos verícuos |  |  | 425 | mensal
 |  |  | Seguro |  |  | 4032.56 | mensal
 |  |  | Toneladas coletadas mês |  |  | 378.17
 |  |  | Custo unitário (R$/t) |  |  | 147.45 | (R$/t)
 |  |  | A partir do ano |  |  | 1
 |  |  | Custos Coleta Orgânica
 |  |  | Custos Operacionais |  |  | 45707.600000000006 | mensal
 |  |  | Custos diretos de mão de obra |  |  | 28222.56 | mensal
 |  |  | Custos dependentes de mão de obra |  |  | 864.37 | mensal
 |  |  | Custos dependentes de quilometragem |  |  | 16620.670000000002 | mensal
 |  |  |  | Subtotal Custos mensais combustível |  | 8468.28 | mensal
 |  |  |  | Dias de coleta por mês |  | 26.08 | dias
 |  |  |  | Extensão diária (informação operacional)  |  | 122.77750000000002 | Km
 |  |  |  | Extensão mensal (quilometragem caminhões) |  | 3625.12 | Km
 |  |  |  | Consumo (litro/km) |  | 0.4 | litro/km
 |  |  |  | Valor do litro do diesel |  | 5.84 | R$
 |  |  |  | Subtotal Custo Mensal de Rodagem |  | 1051.32 | mensal
 |  |  |  | Subtotal Custo Mensal de Lavagem e Lubrificação |  | 797.53 | mensal
 |  |  |  | Subtotal Custo Mensal Peças e Acessórios |  | 6303.54 | mensal
 |  |  | Licenciamento e Seguros |  |  | 4457.5599999999995 | mensal
 |  |  | IPVA dos verícuos |  |  | 425 | mensal
 |  |  | Seguro |  |  | 4032.56 | mensal
 |  |  | Toneladas coletadas mês |  |  | 119.96800000000002
 |  |  | Custo unitário (R$/t) |  |  | 418.154507868765 | (R$/t)
 |  |  | A partir do ano |  |  | 1
 |  |  | Dimensionamento (t/dia)
 |  |  |  | Municípios | Urbana |  |  | Rural |  |  | Seletiva
 |  |  |  |  | Coleta área urbana RSD (t/dia) | % | Custo anual
(R$/ano) | Coleta área rural RSD (t/dia)  | % | Custo anual
(R$/ano) | Coleta seletiva
(t/dia) | %
 |  |  |  | Arapuá | 1.29 | 0.007142065484839932 | 59535.8865 | 0.34 | 0.016504838905660638 | 15691.629 | 0.13 | 0.008109794135995009
 |  |  |  | Coromandel | 16.22 | 0.08980178462333618 | 748583.0069999999 | 3.32 | 0.1611648975493921 | 153224.142 | 1.56 | 0.09731752963194011
 |  |  |  | Cruzeiro da Fortaleza | 1.91 | 0.010574686105460673 | 88150.03349999999 | 0.4 | 0.01941745753607134 | 18460.739999999998 | 0.18 | 0.01122894572676232
 |  |  |  | Guimarânia | 4.7 | 0.026021478898254014 | 216913.695 | 1 | 0.04854364384017835 | 46151.85 | 0.45 | 0.0280723643169058
 |  |  |  | Lagoa Formosa | 10.41 | 0.05763480751719666 | 480440.75849999994 | 2.6 | 0.1262134739844637 | 119994.81 | 1.04 | 0.06487835308796007
 |  |  |  | Patos de Minas | 131.5900185 | 0.728546146727363 | 6073122.795309225 | 8.7000193 | 0.42233063830187767 | 401521.9857307049 | 11.18 | 0.6974422956955707
 |  |  |  | Presidente Olegário | 0 | 0 | 0 | 0 | 0 | 0 | 0 | 0
 |  |  |  | Rio Paranaíba | 7.95 | 0.044015054732153065 | 366907.20749999996 | 2.37 | 0.11504843590122268 | 109379.8845 | 0.82 | 0.0511540860885839
 |  |  |  | Serra do Salitre | 6.55 | 0.03626397591139655 | 302294.6175 | 1.87 | 0.09077661398113351 | 86303.9595 | 0.67 | 0.041796631316281974
 |  |  |  | Total | 180.62001850000001 | 1 | 8335948.000809224 | 20.6000193 | 1 | 950729.000730705 | 16.03 | 0.9999999999999998
 |  |  |  | Opex - 1º ao 8º ano |  |  | 8335948.000809224 |  |  | 950729.000730705
 |  |  |  | Opex - A partir do 9º ano* |  |  | 7845598 |  |  | 894804
 |  |  |  | * redução de 17 para 16 caminhões
 |  |  |  | Coleta seletiva de recicláveis secos nos municípios de Coromandel, Patrocínio e Rio Paranaíba nos anos 1 e 2
 |  |  |  | Municípios | Quantidade de RSD
(t/ano) - ano 1 e 2 | Custo unitário
(R$/t) | Custo anual
 |  |  |  | Rio Paranaíba | 251.6 | 383.73 | 96546.46800000001
 |  |  |  | Coromandel | 487.9 | 383.73 | 187221.867
 |  |  |  | Total (anual) |  |  | 283768.335
 |  |  |  | Coleta seletiva de recicláveis secos em todos os municípios a partir do ano 3 de concessão
 |  |  |  | Municípios | Quantidade de RSD
(t/ano) - ano 5 | Custo unitário
(R$/t) | Custo anual
 |  |  |  | Arapuá | 40.7 | 383.73 | 15617.811000000002
 |  |  |  | Coromandel | 488.7 | 383.73 | 187528.851
 |  |  |  | Cruzeiro da Fortaleza | 57.8 | 383.73 | 22179.594
 |  |  |  | Guimarania | 142.5 | 383.73 | 54681.525
 |  |  |  | Lagoa Formosa | 325.4 | 383.73 | 124865.742
 |  |  |  | Patos de Minas | 3509.102559 | 383.73 | 1346547.92496507
 |  |  |  | Presidente Olegário |  |  | 0
 |  |  |  | Rio Paranaíba | 258.1 | 383.73 | 99040.71300000002
 |  |  |  | Serra do Salitre | 210.6034 | 383.73 | 80814.842682
 |  |  |  | Total (anual) |  |  | 1931277.0036470701
 |  | Coleta de orgânicos
 |  | Custo Operacional  |  |  | Custo mensal
(R$) | Custo Anual
(R$)
 |  | Custo por equipe |  |  | 45959.81 | 551517.72
 |  | Total |  |  | 45959.81 | 551517.72
 |  | Quantidade |  |  |  | 2025 | 2026 | 2027 | 2028 | 2029 | 2030 | 2031 | 2032 | 2033 | 2034 | 2035 | 2036 | 2037 | 2038 | 2039 | 2040 | 2041 | 2042 | 2043 | 2044 | 2045 | 2046 | 2047 | 2048 | 2049 | 2050 | 2051 | 2052 | 2053 | 2054
 |  |  |  |  |  | 1 | 2 | 3 | 4 | 5 | 6 | 7 | 8 | 9 | 10 | 11 | 12 | 13 | 14 | 15 | 16 | 17 | 18 | 19 | 20 | 21 | 22 | 23 | 24 | 25 | 26 | 27 | 28 | 29 | 30
 |  | Quandidade de caminhões adotada |  |  |  |  |  |  |  |  |  |  | 6 | 6 | 6 | 6 | 6 | 6 | 6 | 6 | 6 | 6 | 6 | 6 | 6 | 6 | 6 | 6 | 6 | 6 | 6 | 6 | 6 | 6 | 6
 |  |  | OPEX - COLETA CONVENCIONAL - ÁREA URBANA POR MUNICÍPIO
 |  |  | Municípios |  | TOTAL | 1 | 2 | 3 | 4 | 5 | 6 | 7 | 8 | 9 | 10 | 11 | 12 | 13 | 14 | 15 | 16 | 17 | 18 | 19 | 20 | 21 | 22 | 23 | 24 | 25 | 26 | 27 | 28 | 29 | 30
 |  |  | Arapuá |  | 1709030.135042043 | 59535.8865 | 59535.8865 | 59535.8865 | 59535.8865 | 59535.8865 | 59535.8865 | 59535.8865 | 59535.8865 | 56033.7746837292 | 56033.7746837292 | 56033.7746837292 | 56033.7746837292 | 56033.7746837292 | 56033.7746837292 | 56033.7746837292 | 56033.7746837292 | 56033.7746837292 | 56033.7746837292 | 56033.7746837292 | 56033.7746837292 | 56033.7746837292 | 56033.7746837292 | 56033.7746837292 | 56033.7746837292 | 56033.7746837292 | 56033.7746837292 | 56033.7746837292 | 56033.7746837292 | 56033.7746837292 | 56033.7746837292
 |  |  | Coromandel |  | 21488735.496420108 | 748583.0069999999 | 748583.0069999999 | 748583.0069999999 | 748583.0069999999 | 748583.0069999999 | 748583.0069999999 | 748583.0069999999 | 748583.0069999999 | 704548.7018372772 | 704548.7018372772 | 704548.7018372772 | 704548.7018372772 | 704548.7018372772 | 704548.7018372772 | 704548.7018372772 | 704548.7018372772 | 704548.7018372772 | 704548.7018372772 | 704548.7018372772 | 704548.7018372772 | 704548.7018372772 | 704548.7018372772 | 704548.7018372772 | 704548.7018372772 | 704548.7018372772 | 704548.7018372772 | 704548.7018372772 | 704548.7018372772 | 704548.7018372772 | 704548.7018372772
 |  |  | Cruzeiro da Fortaleza |  | 2530424.463511862 | 88150.03349999998 | 88150.03349999998 | 88150.03349999998 | 88150.03349999998 | 88150.03349999998 | 88150.03349999998 | 88150.03349999998 | 88150.03349999998 | 82964.73615963005 | 82964.73615963005 | 82964.73615963005 | 82964.73615963005 | 82964.73615963005 | 82964.73615963005 | 82964.73615963005 | 82964.73615963005 | 82964.73615963005 | 82964.73615963005 | 82964.73615963005 | 82964.73615963005 | 82964.73615963005 | 82964.73615963005 | 82964.73615963005 | 82964.73615963005 | 82964.73615963005 | 82964.73615963005 | 82964.73615963005 | 82964.73615963005 | 82964.73615963005 | 82964.73615963005
 |  |  | Guimarânia |  | 6226698.9416260505 | 216913.695 | 216913.695 | 216913.695 | 216913.695 | 216913.695 | 216913.695 | 216913.695 | 216913.695 | 204154.0628011839 | 204154.0628011839 | 204154.0628011839 | 204154.0628011839 | 204154.0628011839 | 204154.0628011839 | 204154.0628011839 | 204154.0628011839 | 204154.0628011839 | 204154.0628011839 | 204154.0628011839 | 204154.0628011839 | 204154.0628011839 | 204154.0628011839 | 204154.0628011839 | 204154.0628011839 | 204154.0628011839 | 204154.0628011839 | 204154.0628011839 | 204154.0628011839 | 204154.0628011839 | 204154.0628011839
 |  |  | Lagoa Formosa |  | 13791475.740920665 | 480440.75849999994 | 480440.75849999994 | 480440.75849999994 | 480440.75849999994 | 480440.75849999994 | 480440.75849999994 | 480440.75849999994 | 480440.75849999994 | 452179.53058730304 | 452179.53058730304 | 452179.53058730304 | 452179.53058730304 | 452179.53058730304 | 452179.53058730304 | 452179.53058730304 | 452179.53058730304 | 452179.53058730304 | 452179.53058730304 | 452179.53058730304 | 452179.53058730304 | 452179.53058730304 | 452179.53058730304 | 452179.53058730304 | 452179.53058730304 | 452179.53058730304 | 452179.53058730304 | 452179.53058730304 | 452179.53058730304 | 452179.53058730304 | 452179.53058730304
 |  |  | Patos de Minas |  | 174334346.57925576 | 6073122.795309225 | 6073122.795309225 | 6073122.795309225 | 6073122.795309225 | 6073122.795309225 | 6073122.795309225 | 6073122.795309225 | 6073122.795309225 | 5715880.191671905 | 5715880.191671905 | 5715880.191671905 | 5715880.191671905 | 5715880.191671905 | 5715880.191671905 | 5715880.191671905 | 5715880.191671905 | 5715880.191671905 | 5715880.191671905 | 5715880.191671905 | 5715880.191671905 | 5715880.191671905 | 5715880.191671905 | 5715880.191671905 | 5715880.191671905 | 5715880.191671905 | 5715880.191671905 | 5715880.191671905 | 5715880.191671905 | 5715880.191671905 | 5715880.191671905
 |  |  | Presidente Olegário |  | 0 | 0 | 0 | 0 | 0 | 0 | 0 | 0 | 0 | 0 | 0 | 0 | 0 | 0 | 0 | 0 | 0 | 0 | 0 | 0 | 0 | 0 | 0 | 0 | 0 | 0 | 0 | 0 | 0 | 0 | 0
 |  |  | Rio Paranaíba |  | 10532395.018282352 | 366907.20749999996 | 366907.20749999996 | 366907.20749999996 | 366907.20749999996 | 366907.20749999996 | 366907.20749999996 | 366907.20749999996 | 366907.20749999996 | 345324.4253764706 | 345324.4253764706 | 345324.4253764706 | 345324.4253764706 | 345324.4253764706 | 345324.4253764706 | 345324.4253764706 | 345324.4253764706 | 345324.4253764706 | 345324.4253764706 | 345324.4253764706 | 345324.4253764706 | 345324.4253764706 | 345324.4253764706 | 345324.4253764706 | 345324.4253764706 | 345324.4253764706 | 345324.4253764706 | 345324.4253764706 | 345324.4253764706 | 345324.4253764706 | 345324.4253764706
 |  |  | Serra do Salitre |  | 8677633.631415023 | 302294.6175 | 302294.6175 | 302294.6175 | 302294.6175 | 302294.6175 | 302294.6175 | 302294.6175 | 302294.6175 | 284512.57688250096 | 284512.57688250096 | 284512.57688250096 | 284512.57688250096 | 284512.57688250096 | 284512.57688250096 | 284512.57688250096 | 284512.57688250096 | 284512.57688250096 | 284512.57688250096 | 284512.57688250096 | 284512.57688250096 | 284512.57688250096 | 284512.57688250096 | 284512.57688250096 | 284512.57688250096 | 284512.57688250096 | 284512.57688250096 | 284512.57688250096 | 284512.57688250096 | 284512.57688250096 | 284512.57688250096
 |  |  | TOTAL |  | 239290740.00647384 | 8335948.000809224 | 8335948.000809224 | 8335948.000809224 | 8335948.000809224 | 8335948.000809224 | 8335948.000809224 | 8335948.000809224 | 8335948.000809224 | 7845598 | 7845598 | 7845598 | 7845598 | 7845598 | 7845598 | 7845598 | 7845598 | 7845598 | 7845598 | 7845598 | 7845598 | 7845598 | 7845598 | 7845598 | 7845598 | 7845598 | 7845598 | 7845598 | 7845598 | 7845598 | 7845598
 |  |  | OPEX - COLETA CONVENCIONAL - ÁREA RURAL POR MUNICÍPIO
 |  |  | Municípios |  | TOTAL | 1 | 2 | 3 | 4 | 5 | 6 | 7 | 8 | 9 | 10 | 11 | 12 | 13 | 14 | 15 | 16 | 17 | 18 | 19 | 20 | 21 | 22 | 23 | 24 | 25 | 26 | 27 | 28 | 29 | 30
 |  |  | Arapuá |  | 450442.1411870969 | 15691.629 | 15691.629 | 15691.629 | 15691.629 | 15691.629 | 15691.629 | 15691.629 | 15691.629 | 14768.59587214076 | 14768.59587214076 | 14768.59587214076 | 14768.59587214076 | 14768.59587214076 | 14768.59587214076 | 14768.59587214076 | 14768.59587214076 | 14768.59587214076 | 14768.59587214076 | 14768.59587214076 | 14768.59587214076 | 14768.59587214076 | 14768.59587214076 | 14768.59587214076 | 14768.59587214076 | 14768.59587214076 | 14768.59587214076 | 14768.59587214076 | 14768.59587214076 | 14768.59587214076 | 14768.59587214076
 |  |  | Coromandel |  | 4398435.025709295 | 153224.142 | 153224.142 | 153224.142 | 153224.142 | 153224.142 | 153224.142 | 153224.142 | 153224.142 | 144210.99498678625 | 144210.99498678625 | 144210.99498678625 | 144210.99498678625 | 144210.99498678625 | 144210.99498678625 | 144210.99498678625 | 144210.99498678625 | 144210.99498678625 | 144210.99498678625 | 144210.99498678625 | 144210.99498678625 | 144210.99498678625 | 144210.99498678625 | 144210.99498678625 | 144210.99498678625 | 144210.99498678625 | 144210.99498678625 | 144210.99498678625 | 144210.99498678625 | 144210.99498678625 | 144210.99498678625
 |  |  | Cruzeiro da Fortaleza |  | 529931.9308083492 | 18460.74 | 18460.74 | 18460.74 | 18460.74 | 18460.74 | 18460.74 | 18460.74 | 18460.74 | 17374.81867310678 | 17374.81867310678 | 17374.81867310678 | 17374.81867310678 | 17374.81867310678 | 17374.81867310678 | 17374.81867310678 | 17374.81867310678 | 17374.81867310678 | 17374.81867310678 | 17374.81867310678 | 17374.81867310678 | 17374.81867310678 | 17374.81867310678 | 17374.81867310678 | 17374.81867310678 | 17374.81867310678 | 17374.81867310678 | 17374.81867310678 | 17374.81867310678 | 17374.81867310678 | 17374.81867310678
 |  |  | Guimarânia |  | 1324829.8270208728 | 46151.850000000006 | 46151.850000000006 | 46151.850000000006 | 46151.850000000006 | 46151.850000000006 | 46151.850000000006 | 46151.850000000006 | 46151.850000000006 | 43437.046682766944 | 43437.046682766944 | 43437.046682766944 | 43437.046682766944 | 43437.046682766944 | 43437.046682766944 | 43437.046682766944 | 43437.046682766944 | 43437.046682766944 | 43437.046682766944 | 43437.046682766944 | 43437.046682766944 | 43437.046682766944 | 43437.046682766944 | 43437.046682766944 | 43437.046682766944 | 43437.046682766944 | 43437.046682766944 | 43437.046682766944 | 43437.046682766944 | 43437.046682766944 | 43437.046682766944
 |  |  | Lagoa Formosa |  | 3444557.5502542686 | 119994.81 | 119994.81 | 119994.81 | 119994.81 | 119994.81 | 119994.81 | 119994.81 | 119994.81 | 112936.32137519405 | 112936.32137519405 | 112936.32137519405 | 112936.32137519405 | 112936.32137519405 | 112936.32137519405 | 112936.32137519405 | 112936.32137519405 | 112936.32137519405 | 112936.32137519405 | 112936.32137519405 | 112936.32137519405 | 112936.32137519405 | 112936.32137519405 | 112936.32137519405 | 112936.32137519405 | 112936.32137519405 | 112936.32137519405 | 112936.32137519405 | 112936.32137519405 | 112936.32137519405 | 112936.32137519405
 |  |  | Patos de Minas |  | 11526045.06429725 | 401521.98573070497 | 401521.98573070497 | 401521.98573070497 | 401521.98573070497 | 401521.98573070497 | 401521.98573070497 | 401521.98573070497 | 401521.98573070497 | 377903.1444750733 | 377903.1444750733 | 377903.1444750733 | 377903.1444750733 | 377903.1444750733 | 377903.1444750733 | 377903.1444750733 | 377903.1444750733 | 377903.1444750733 | 377903.1444750733 | 377903.1444750733 | 377903.1444750733 | 377903.1444750733 | 377903.1444750733 | 377903.1444750733 | 377903.1444750733 | 377903.1444750733 | 377903.1444750733 | 377903.1444750733 | 377903.1444750733 | 377903.1444750733 | 377903.1444750733
 |  |  | Presidente Olegário |  | 0 | 0 | 0 | 0 | 0 | 0 | 0 | 0 | 0 | 0 | 0 | 0 | 0 | 0 | 0 | 0 | 0 | 0 | 0 | 0 | 0 | 0 | 0 | 0 | 0 | 0 | 0 | 0 | 0 | 0 | 0
 |  |  | Rio Paranaíba |  | 3139846.690039471 | 109379.8845 | 109379.8845 | 109379.8845 | 109379.8845 | 109379.8845 | 109379.8845 | 109379.8845 | 109379.8845 | 102945.80063815766 | 102945.80063815766 | 102945.80063815766 | 102945.80063815766 | 102945.80063815766 | 102945.80063815766 | 102945.80063815766 | 102945.80063815766 | 102945.80063815766 | 102945.80063815766 | 102945.80063815766 | 102945.80063815766 | 102945.80063815766 | 102945.80063815766 | 102945.80063815766 | 102945.80063815766 | 102945.80063815766 | 102945.80063815766 | 102945.80063815766 | 102945.80063815766 | 102945.80063815766 | 102945.80063815766
 |  |  | Serra do Salitre |  | 2477431.776529031 | 86303.95950000001 | 86303.95950000001 | 86303.95950000001 | 86303.95950000001 | 86303.95950000001 | 86303.95950000001 | 86303.95950000001 | 86303.95950000001 | 81227.27729677419 | 81227.27729677419 | 81227.27729677419 | 81227.27729677419 | 81227.27729677419 | 81227.27729677419 | 81227.27729677419 | 81227.27729677419 | 81227.27729677419 | 81227.27729677419 | 81227.27729677419 | 81227.27729677419 | 81227.27729677419 | 81227.27729677419 | 81227.27729677419 | 81227.27729677419 | 81227.27729677419 | 81227.27729677419 | 81227.27729677419 | 81227.27729677419 | 81227.27729677419 | 81227.27729677419
 |  |  | TOTAL |  | 27291520.005845636 | 950729.000730705 | 950729.000730705 | 950729.000730705 | 950729.000730705 | 950729.000730705 | 950729.000730705 | 950729.000730705 | 950729.000730705 | 894803.9999999999 | 894803.9999999999 | 894803.9999999999 | 894803.9999999999 | 894803.9999999999 | 894803.9999999999 | 894803.9999999999 | 894803.9999999999 | 894803.9999999999 | 894803.9999999999 | 894803.9999999999 | 894803.9999999999 | 894803.9999999999 | 894803.9999999999 | 894803.9999999999 | 894803.9999999999 | 894803.9999999999 | 894803.9999999999 | 894803.9999999999 | 894803.9999999999 | 894803.9999999999 | 894803.9999999999
 |  |  | OPEX - COLETA SELETIVA - POR MUNICÍPIO
 |  |  | Municípios |  | TOTAL | 1 | 2 | 3 | 4 | 5 | 6 | 7 | 8 | 9 | 10 | 11 | 12 | 13 | 14 | 15 | 16 | 17 | 18 | 19 | 20 | 21 | 22 | 23 | 24 | 25 | 26 | 27 | 28 | 29 | 30
 |  |  | Arapuá |  | 437298.70799999975 | 0 | 0 | 15617.811000000002 | 15617.811000000002 | 15617.811000000002 | 15617.811000000002 | 15617.811000000002 | 15617.811000000002 | 15617.811000000002 | 15617.811000000002 | 15617.811000000002 | 15617.811000000002 | 15617.811000000002 | 15617.811000000002 | 15617.811000000002 | 15617.811000000002 | 15617.811000000002 | 15617.811000000002 | 15617.811000000002 | 15617.811000000002 | 15617.811000000002 | 15617.811000000002 | 15617.811000000002 | 15617.811000000002 | 15617.811000000002 | 15617.811000000002 | 15617.811000000002 | 15617.811000000002 | 15617.811000000002 | 15617.811000000002
 |  |  | Coromandel |  | 5625251.561999996 | 187221.867 | 187221.867 | 187528.851 | 187528.851 | 187528.851 | 187528.851 | 187528.851 | 187528.851 | 187528.851 | 187528.851 | 187528.851 | 187528.851 | 187528.851 | 187528.851 | 187528.851 | 187528.851 | 187528.851 | 187528.851 | 187528.851 | 187528.851 | 187528.851 | 187528.851 | 187528.851 | 187528.851 | 187528.851 | 187528.851 | 187528.851 | 187528.851 | 187528.851 | 187528.851
 |  |  | Cruzeiro da Fortaleza |  | 621028.6320000001 | 0 | 0 | 22179.594 | 22179.594 | 22179.594 | 22179.594 | 22179.594 | 22179.594 | 22179.594 | 22179.594 | 22179.594 | 22179.594 | 22179.594 | 22179.594 | 22179.594 | 22179.594 | 22179.594 | 22179.594 | 22179.594 | 22179.594 | 22179.594 | 22179.594 | 22179.594 | 22179.594 | 22179.594 | 22179.594 | 22179.594 | 22179.594 | 22179.594 | 22179.594
 |  |  | Guimarânia |  | 1531082.6999999995 | 0 | 0 | 54681.525 | 54681.525 | 54681.525 | 54681.525 | 54681.525 | 54681.525 | 54681.525 | 54681.525 | 54681.525 | 54681.525 | 54681.525 | 54681.525 | 54681.525 | 54681.525 | 54681.525 | 54681.525 | 54681.525 | 54681.525 | 54681.525 | 54681.525 | 54681.525 | 54681.525 | 54681.525 | 54681.525 | 54681.525 | 54681.525 | 54681.525 | 54681.525
 |  |  | Lagoa Formosa |  | 3496240.7760000015 | 0 | 0 | 124865.742 | 124865.742 | 124865.742 | 124865.742 | 124865.742 | 124865.742 | 124865.742 | 124865.742 | 124865.742 | 124865.742 | 124865.742 | 124865.742 | 124865.742 | 124865.742 | 124865.742 | 124865.742 | 124865.742 | 124865.742 | 124865.742 | 124865.742 | 124865.742 | 124865.742 | 124865.742 | 124865.742 | 124865.742 | 124865.742 | 124865.742 | 124865.742
 |  |  | Patos de Minas |  | 37703341.899021946 | 0 | 0 | 1346547.92496507 | 1346547.92496507 | 1346547.92496507 | 1346547.92496507 | 1346547.92496507 | 1346547.92496507 | 1346547.92496507 | 1346547.92496507 | 1346547.92496507 | 1346547.92496507 | 1346547.92496507 | 1346547.92496507 | 1346547.92496507 | 1346547.92496507 | 1346547.92496507 | 1346547.92496507 | 1346547.92496507 | 1346547.92496507 | 1346547.92496507 | 1346547.92496507 | 1346547.92496507 | 1346547.92496507 | 1346547.92496507 | 1346547.92496507 | 1346547.92496507 | 1346547.92496507 | 1346547.92496507 | 1346547.92496507
 |  |  | Presidente Olegário |  | 0 | 0 | 0 | 0 | 0 | 0 | 0 | 0 | 0 | 0 | 0 | 0 | 0 | 0 | 0 | 0 | 0 | 0 | 0 | 0 | 0 | 0 | 0 | 0 | 0 | 0 | 0 | 0 | 0 | 0 | 0
 |  |  | Rio Paranaíba |  | 2966232.9 | 96546.46800000001 | 96546.46800000001 | 99040.71300000002 | 99040.71300000002 | 99040.71300000002 | 99040.71300000002 | 99040.71300000002 | 99040.71300000002 | 99040.71300000002 | 99040.71300000002 | 99040.71300000002 | 99040.71300000002 | 99040.71300000002 | 99040.71300000002 | 99040.71300000002 | 99040.71300000002 | 99040.71300000002 | 99040.71300000002 | 99040.71300000002 | 99040.71300000002 | 99040.71300000002 | 99040.71300000002 | 99040.71300000002 | 99040.71300000002 | 99040.71300000002 | 99040.71300000002 | 99040.71300000002 | 99040.71300000002 | 99040.71300000002 | 99040.71300000002
 |  |  | Serra do Salitre |  | 2262815.5950959995 | 0 | 0 | 80814.842682 | 80814.842682 | 80814.842682 | 80814.842682 | 80814.842682 | 80814.842682 | 80814.842682 | 80814.842682 | 80814.842682 | 80814.842682 | 80814.842682 | 80814.842682 | 80814.842682 | 80814.842682 | 80814.842682 | 80814.842682 | 80814.842682 | 80814.842682 | 80814.842682 | 80814.842682 | 80814.842682 | 80814.842682 | 80814.842682 | 80814.842682 | 80814.842682 | 80814.842682 | 80814.842682 | 80814.842682
 |  |  | TOTAL |  | 54643292.77211793 | 283768.335 | 283768.335 | 1931277.0036470701 | 1931277.0036470701 | 1931277.0036470701 | 1931277.0036470701 | 1931277.0036470701 | 1931277.0036470701 | 1931277.0036470701 | 1931277.0036470701 | 1931277.0036470701 | 1931277.0036470701 | 1931277.0036470701 | 1931277.0036470701 | 1931277.0036470701 | 1931277.0036470701 | 1931277.0036470701 | 1931277.0036470701 | 1931277.0036470701 | 1931277.0036470701 | 1931277.0036470701 | 1931277.0036470701 | 1931277.0036470701 | 1931277.0036470701 | 1931277.0036470701 | 1931277.0036470701 | 1931277.0036470701 | 1931277.0036470701 | 1931277.0036470701 | 1931277.0036470701
 |  |  | OPEX - COLETA DE ORGÂNICOS - POR MUNICÍPIO
 |  |  | Municípios |  | TOTAL | 1 | 2 | 3 | 4 | 5 | 6 | 7 | 8 | 9 | 10 | 11 | 12 | 13 | 14 | 15 | 16 | 17 | 18 | 19 | 20 | 21 | 22 | 23 | 24 | 25 | 26 | 27 | 28 | 29 | 30
 |  |  | Arapuá |  | 617231.9336743606 | 0 | 0 | 0 | 0 | 0 | 0 | 0 | 26836.171029320023 | 26836.171029320023 | 26836.171029320023 | 26836.171029320023 | 26836.171029320023 | 26836.171029320023 | 26836.171029320023 | 26836.171029320023 | 26836.171029320023 | 26836.171029320023 | 26836.171029320023 | 26836.171029320023 | 26836.171029320023 | 26836.171029320023 | 26836.171029320023 | 26836.171029320023 | 26836.171029320023 | 26836.171029320023 | 26836.171029320023 | 26836.171029320023 | 26836.171029320023 | 26836.171029320023 | 26836.171029320023
 |  |  | Coromandel |  | 7406783.204092324 | 0 | 0 | 0 | 0 | 0 | 0 | 0 | 322034.0523518403 | 322034.0523518403 | 322034.0523518403 | 322034.0523518403 | 322034.0523518403 | 322034.0523518403 | 322034.0523518403 | 322034.0523518403 | 322034.0523518403 | 322034.0523518403 | 322034.0523518403 | 322034.0523518403 | 322034.0523518403 | 322034.0523518403 | 322034.0523518403 | 322034.0523518403 | 322034.0523518403 | 322034.0523518403 | 322034.0523518403 | 322034.0523518403 | 322034.0523518403 | 322034.0523518403 | 322034.0523518403
 |  |  | Cruzeiro da Fortaleza |  | 854628.8312414226 | 0 | 0 | 0 | 0 | 0 | 0 | 0 | 37157.77527136618 | 37157.77527136618 | 37157.77527136618 | 37157.77527136618 | 37157.77527136618 | 37157.77527136618 | 37157.77527136618 | 37157.77527136618 | 37157.77527136618 | 37157.77527136618 | 37157.77527136618 | 37157.77527136618 | 37157.77527136618 | 37157.77527136618 | 37157.77527136618 | 37157.77527136618 | 37157.77527136618 | 37157.77527136618 | 37157.77527136618 | 37157.77527136618 | 37157.77527136618 | 37157.77527136618 | 37157.77527136618
 |  |  | Guimarânia |  | 2136572.078103555 | 0 | 0 | 0 | 0 | 0 | 0 | 0 | 92894.43817841545 | 92894.43817841545 | 92894.43817841545 | 92894.43817841545 | 92894.43817841545 | 92894.43817841545 | 92894.43817841545 | 92894.43817841545 | 92894.43817841545 | 92894.43817841545 | 92894.43817841545 | 92894.43817841545 | 92894.43817841545 | 92894.43817841545 | 92894.43817841545 | 92894.43817841545 | 92894.43817841545 | 92894.43817841545 | 92894.43817841545 | 92894.43817841545 | 92894.43817841545 | 92894.43817841545 | 92894.43817841545
 |  |  | Lagoa Formosa |  | 4937855.469394885 | 0 | 0 | 0 | 0 | 0 | 0 | 0 | 214689.36823456018 | 214689.36823456018 | 214689.36823456018 | 214689.36823456018 | 214689.36823456018 | 214689.36823456018 | 214689.36823456018 | 214689.36823456018 | 214689.36823456018 | 214689.36823456018 | 214689.36823456018 | 214689.36823456018 | 214689.36823456018 | 214689.36823456018 | 214689.36823456018 | 214689.36823456018 | 214689.36823456018 | 214689.36823456018 | 214689.36823456018 | 214689.36823456018 | 214689.36823456018 | 214689.36823456018 | 214689.36823456018
 |  |  | Patos de Minas |  | 53081946.29599501 | 0 | 0 | 0 | 0 | 0 | 0 | 0 | 2307910.7085215217 | 2307910.7085215217 | 2307910.7085215217 | 2307910.7085215217 | 2307910.7085215217 | 2307910.7085215217 | 2307910.7085215217 | 2307910.7085215217 | 2307910.7085215217 | 2307910.7085215217 | 2307910.7085215217 | 2307910.7085215217 | 2307910.7085215217 | 2307910.7085215217 | 2307910.7085215217 | 2307910.7085215217 | 2307910.7085215217 | 2307910.7085215217 | 2307910.7085215217 | 2307910.7085215217 | 2307910.7085215217 | 2307910.7085215217 | 2307910.7085215217
 |  |  | Presidente Olegário |  | 0 | 0 | 0 | 0 | 0 | 0 | 0 | 0 | 0 | 0 | 0 | 0 | 0 | 0 | 0 | 0 | 0 | 0 | 0 | 0 | 0 | 0 | 0 | 0 | 0 | 0 | 0 | 0 | 0 | 0 | 0
 |  |  | Rio Paranaíba |  | 3893309.120099813 | 0 | 0 | 0 | 0 | 0 | 0 | 0 | 169274.30956955705 | 169274.30956955705 | 169274.30956955705 | 169274.30956955705 | 169274.30956955705 | 169274.30956955705 | 169274.30956955705 | 169274.30956955705 | 169274.30956955705 | 169274.30956955705 | 169274.30956955705 | 169274.30956955705 | 169274.30956955705 | 169274.30956955705 | 169274.30956955705 | 169274.30956955705 | 169274.30956955705 | 169274.30956955705 | 169274.30956955705 | 169274.30956955705 | 169274.30956955705 | 169274.30956955705 | 169274.30956955705
 |  |  | Serra do Salitre |  | 3181118.4273986276 | 0 | 0 | 0 | 0 | 0 | 0 | 0 | 138309.4968434186 | 138309.4968434186 | 138309.4968434186 | 138309.4968434186 | 138309.4968434186 | 138309.4968434186 | 138309.4968434186 | 138309.4968434186 | 138309.4968434186 | 138309.4968434186 | 138309.4968434186 | 138309.4968434186 | 138309.4968434186 | 138309.4968434186 | 138309.4968434186 | 138309.4968434186 | 138309.4968434186 | 138309.4968434186 | 138309.4968434186 | 138309.4968434186 | 138309.4968434186 | 138309.4968434186 | 138309.4968434186
 |  |  | TOTAL |  | 76109445.35999998 | 0 | 0 | 0 | 0 | 0 | 0 | 0 | 3309106.32 | 3309106.32 | 3309106.32 | 3309106.32 | 3309106.32 | 3309106.32 | 3309106.32 | 3309106.32 | 3309106.32 | 3309106.32 | 3309106.32 | 3309106.32 | 3309106.32 | 3309106.32 | 3309106.32 | 3309106.32 | 3309106.32 | 3309106.32 | 3309106.32 | 3309106.32 | 3309106.32 | 3309106.32 | 3309106.32
 |  |  | OPEX - COLETA
 |  |  |  |  | TOTAL | 1 | 2 | 3 | 4 | 5 | 6 | 7 | 8 | 9 | 10 | 11 | 12 | 13 | 14 | 15 | 16 | 17 | 18 | 19 | 20 | 21 | 22 | 23 | 24 | 25 | 26 | 27 | 28 | 29 | 30
 |  |  | Coleta Urbana |  | 239290740.00647378 | 8335948.000809224 | 8335948.000809224 | 8335948.000809224 | 8335948.000809224 | 8335948.000809224 | 8335948.000809224 | 8335948.000809224 | 8335948.000809224 | 7845598 | 7845598 | 7845598 | 7845598 | 7845598 | 7845598 | 7845598 | 7845598 | 7845598 | 7845598 | 7845598 | 7845598 | 7845598 | 7845598 | 7845598 | 7845598 | 7845598 | 7845598 | 7845598 | 7845598 | 7845598 | 7845598
 |  |  | Coleta Zona Rural |  | 27291520.005845636 | 950729.000730705 | 950729.000730705 | 950729.000730705 | 950729.000730705 | 950729.000730705 | 950729.000730705 | 950729.000730705 | 950729.000730705 | 894803.9999999999 | 894803.9999999999 | 894803.9999999999 | 894803.9999999999 | 894803.9999999999 | 894803.9999999999 | 894803.9999999999 | 894803.9999999999 | 894803.9999999999 | 894803.9999999999 | 894803.9999999999 | 894803.9999999999 | 894803.9999999999 | 894803.9999999999 | 894803.9999999999 | 894803.9999999999 | 894803.9999999999 | 894803.9999999999 | 894803.9999999999 | 894803.9999999999 | 894803.9999999999 | 894803.9999999999
 |  |  | Coleta Seletiva Secos |  | 54643292.77211793 | 283768.335 | 283768.335 | 1931277.0036470701 | 1931277.0036470701 | 1931277.0036470701 | 1931277.0036470701 | 1931277.0036470701 | 1931277.0036470701 | 1931277.0036470701 | 1931277.0036470701 | 1931277.0036470701 | 1931277.0036470701 | 1931277.0036470701 | 1931277.0036470701 | 1931277.0036470701 | 1931277.0036470701 | 1931277.0036470701 | 1931277.0036470701 | 1931277.0036470701 | 1931277.0036470701 | 1931277.0036470701 | 1931277.0036470701 | 1931277.0036470701 | 1931277.0036470701 | 1931277.0036470701 | 1931277.0036470701 | 1931277.0036470701 | 1931277.0036470701 | 1931277.0036470701 | 1931277.0036470701
 |  |  | Coleta de Orgânicos |  | 76109445.35999998 | 0 | 0 | 0 | 0 | 0 | 0 | 0 | 3309106.32 | 3309106.32 | 3309106.32 | 3309106.32 | 3309106.32 | 3309106.32 | 3309106.32 | 3309106.32 | 3309106.32 | 3309106.32 | 3309106.32 | 3309106.32 | 3309106.32 | 3309106.32 | 3309106.32 | 3309106.32 | 3309106.32 | 3309106.32 | 3309106.32 | 3309106.32 | 3309106.32 | 3309106.32 | 3309106.32
 |  |  | TOTAL |  | 397334998.1444373 | 9570445.33653993 | 9570445.33653993 | 11217954.005187 | 11217954.005187 | 11217954.005187 | 11217954.005187 | 11217954.005187 | 14527060.325187 | 13980785.32364707 | 13980785.32364707 | 13980785.32364707 | 13980785.32364707 | 13980785.32364707 | 13980785.32364707 | 13980785.32364707 | 13980785.32364707 | 13980785.32364707 | 13980785.32364707 | 13980785.32364707 | 13980785.32364707 | 13980785.32364707 | 13980785.32364707 | 13980785.32364707 | 13980785.32364707 | 13980785.32364707 | 13980785.32364707 | 13980785.32364707 | 13980785.32364707 | 13980785.32364707 | 13980785.32364707
[136 linhas]
