 | Demonstrativo de Receitas
 |  |  |  | 1 | 2 | 3 | 4 | 5 | 6 | 7 | 8 | 9 | 10 | 11 | 12 | 13 | 14 | 15 | 16 | 17 | 18 | 19 | 20 | 21 | 22 | 23 | 24 | 25 | 26 | 27 | 28 | 29 | 30
 |  | RSD
 |  | Quantidade Coletada RSD (t/ano) |  | 70821.69933 | 71150.65513099999 | 71479.61093200001 | 71808.566733 | 72137.52253400002 | 72466.212598 | 72752.04951900002 | 73037.88644 | 73323.72336100001 | 73609.560282 | 73894.872302 | 74060.079649 | 74225.286996 | 74390.494343 | 74555.70169000002 | 74721.693728 | 74788.09699099998 | 74854.50025399998 | 74920.903517 | 74987.30678000001 | 75053.91411900001 | 75120.31738199998 | 75186.72064499998 | 75253.123908 | 75319.527171 | 75385.930434 | 75452.333697 | 75518.73696 | 75585.14022299998 | 75651.543486
 |  | Quantidade Consumo água (m3/ano) |  | 15319526.844905471 | 15389496.824053632 | 15459466.803201793 | 15529436.782349955 | 15599406.761498114 | 15669358.187696127 | 15729664.155035082 | 15789970.122374037 | 15850276.089712994 | 15910582.057051951 | 15970854.239900773 | 16005211.602199193 | 16039568.964497613 | 16073926.326796032 | 16108283.68909445 | 16142871.489447875 | 16155826.271367189 | 16168781.053286506 | 16181735.835205821 | 16194690.617125131 | 16207602.976648573 | 16220557.758567888 | 16233512.540487202 | 16246467.322406515 | 16259422.10432583 | 16272376.886245146 | 16285331.66816446 | 16298286.450083774 | 16311241.232003089 | 16324196.013922404
 |  | Tarifa-Base Referencial (R$/m3 ) |  | 2.8567488023289074 | 2.8567488023289074 | 2.8567488023289074 | 2.8567488023289074 | 2.8567488023289074 | 2.8567488023289074 | 2.8567488023289074 | 2.8567488023289074 | 2.8567488023289074 | 2.8567488023289074 | 2.8567488023289074 | 2.8567488023289074 | 2.8567488023289074 | 2.8567488023289074 | 2.8567488023289074 | 2.8567488023289074 | 2.8567488023289074 | 2.8567488023289074 | 2.8567488023289074 | 2.8567488023289074 | 2.8567488023289074 | 2.8567488023289074 | 2.8567488023289074 | 2.8567488023289074 | 2.8567488023289074 | 2.8567488023289074 | 2.8567488023289074 | 2.8567488023289074 | 2.8567488023289074 | 2.8567488023289074
 |  | Arapuá |  | 537260.1875116698 | 534209.883646161 | 531159.5797806517 | 528109.2759151427 | 525058.9720496336 | 522008.66818412446 | 518144.9499544795 | 514281.23172483477 | 510417.51349518984 | 506553.79526554496 | 503096.78421796806 | 498623.0052152213 | 494149.2262124746 | 489675.44720972795 | 485201.6682069812 | 480931.2427952686 | 476254.11020148784 | 471576.9776077073 | 466899.8450139266 | 462222.712420146 | 457138.87264429755 | 452461.74005051696 | 447784.60745673627 | 443107.47486295557 | 438430.342269175 | 433753.2096753944 | 429076.07708161377 | 424398.9444878331 | 419721.8118940526 | 415044.6793002719
 |  | Social |  | 76157.51196022623 | 75725.12638891535 | 75292.74081760444 | 74860.35524629356 | 74427.96967498264 | 73995.58410367175 | 73447.89571334461 | 72900.20732301749 | 72352.51893269033 | 71804.8305423632 | 71314.79356154418 | 70680.62805695487 | 70046.46255236554 | 69412.29704777623 | 68778.1315431869 | 68172.79174335164 | 67509.80053400827 | 66846.8093246649 | 66183.81811532151 | 65520.82690597814 | 64800.18428712664 | 64137.19307778327 | 63474.201868439886 | 62811.210659096505 | 62148.21944975314 | 61485.22824040976 | 60822.23703106637 | 60159.245821723 | 59496.25461237963 | 58833.263403036246
 |  | Residencial (Fixa) |  | 14864.623385228831 | 14780.22923277674 | 14695.835080324647 | 14611.440927872552 | 14527.046775420455 | 14442.652622968364 | 14335.75336319571 | 14228.854103423058 | 14121.954843650405 | 14015.05558387775 | 13919.40887776538 | 13795.630787502309 | 13671.852697239236 | 13548.074606976168 | 13424.296516713095 | 13306.144703280163 | 13176.740336186953 | 13047.335969093741 | 12917.931602000528 | 12788.52723490732 | 12647.87031415383 | 12518.46594706062 | 12389.061579967409 | 12259.657212874195 | 12130.252845780988 | 12000.848478687776 | 11871.444111594565 | 11742.039744501353 | 11612.635377408144 | 11483.231010314932
 |  | Residencial (0 a 5 m³) |  | 64975.66982954665 | 64606.769357387995 | 64237.86888522932 | 63868.96841307067 | 63500.06794091199 | 63131.16746875332 | 62663.89353735234 | 62196.61960595137 | 61729.34567455039 | 61262.07174314941 | 60843.984541369595 | 60302.93051553688 | 59761.87648970416 | 59220.822463871446 | 58679.76843803873 | 58163.307777016606 | 57597.66038637331 | 57032.012995730016 | 56466.36560508673 | 55900.718214443434 | 55285.88409417899 | 54720.2367035357 | 54154.589312892414 | 53588.94192224913 | 53023.29453160583 | 52457.647140962545 | 51891.99975031925 | 51326.352359675955 | 50760.70496903267 | 50195.05757838939
 |  | Residencial (> 5m³ a 10m³) |  | 93426.58529996505 | 92896.15427063144 | 92365.72324129778 | 91835.29221196414 | 91304.8611826305 | 90774.43015329687 | 90102.55084947425 | 89430.67154565165 | 88758.79224182903 | 88086.91293800641 | 87485.75777142831 | 86707.79226173896 | 85929.82675204962 | 85151.86124236029 | 84373.89573267094 | 83631.29229160385 | 82817.96471329227 | 82004.63713498069 | 81191.3095566691 | 80377.98197835752 | 79493.93026280146 | 78680.60268448989 | 77867.2751061783 | 77053.94752786672 | 76240.61994955514 | 75427.29237124354 | 74613.96479293198 | 73800.6372146204 | 72987.30963630883 | 72173.98205799724
 |  | Residencial (> 10m³ a 15m³) |  | 107680.99792368176 | 107069.63722388798 | 106458.27652409418 | 105846.91582430039 | 105235.55512450657 | 104624.19442471277 | 103849.80420497395 | 103075.41398523514 | 102301.02376549633 | 101526.63354575749 | 100833.7580859912 | 99937.09572629361 | 99040.43336659601 | 98143.77100689847 | 97247.10864720088 | 96391.20366748956 | 95453.7839278057 | 94516.3641881219 | 93578.94444843807 | 92641.52470875422 | 91622.59020909789 | 90685.17046941406 | 89747.75072973024 | 88810.3309900464 | 87872.91125036257 | 86935.49151067874 | 85998.07177099491 | 85060.65203131108 | 84123.23229162725 | 83185.81255194343
 |  | Residencial (> 15m³ a 20m³) |  | 77316.3534661893 | 76877.38855249029 | 76438.42363879124 | 75999.45872509223 | 75560.49381139319 | 75121.52889769417 | 74565.50667367538 | 74009.48444965662 | 73453.46222563784 | 72897.44000161906 | 72399.94643276016 | 71756.13122600158 | 71112.31601924301 | 70468.50081248443 | 69824.68560572584 | 69210.13472654721 | 68537.05519220869 | 67863.97565787018 | 67190.89612353165 | 66517.81658919314 | 65786.20839969478 | 65113.12886535626 | 64440.04933101773 | 63766.96979667922 | 63093.89026234071 | 62420.810728002194 | 61747.73119366368 | 61074.65165932516 | 60401.572124986655 | 59728.492590648144
 |  | Residencial (> 20m³ a 40m³) |  | 70400.81761296003 | 70001.11577185694 | 69601.41393075383 | 69201.71208965074 | 68802.01024854762 | 68402.30840744452 | 67896.01940871392 | 67389.73040998333 | 66883.44141125273 | 66377.15241252212 | 65924.15699260528 | 65337.927625654054 | 64751.69825870283 | 64165.46889175162 | 63579.2395248004 | 63019.65694725605 | 62406.78079089795 | 61793.90463453987 | 61181.028478181775 | 60568.152321823676 | 59901.982586651844 | 59289.106430293745 | 58676.23027393566 | 58063.35411757757 | 57450.47796121947 | 56837.60180486138 | 56224.72564850329 | 55611.84949214519 | 54998.97333578711 | 54386.09717942901
 |  | Residencial (>40m³) |  | 16949.158028450227 | 16852.928895056302 | 16756.699761662374 | 16660.47062826845 | 16564.24149487452 | 16468.012361480596 | 16346.12212584829 | 16224.231890215982 | 16102.341654583675 | 15980.451418951367 | 15871.391734438253 | 15730.255672127161 | 15589.119609816069 | 15447.983547504979 | 15306.847485193883 | 15172.126698442387 | 15024.5753605717 | 14877.024022701013 | 14729.472684830327 | 14581.92134695964 | 14421.539457969762 | 14273.988120099075 | 14126.43678222839 | 13978.885444357702 | 13831.334106487015 | 13683.782768616327 | 13536.231430745638 | 13388.68009287495 | 13241.128755004265 | 13093.577417133582
 |  | Comercial |  | 15488.470005421796 | 15400.533953157856 | 15312.597900893918 | 15224.66184862998 | 15136.72579636604 | 15048.789744102101 | 14937.404077901112 | 14826.018411700119 | 14714.63274549913 | 14603.24707929814 | 14503.586220065677 | 14374.6133434119 | 14245.640466758123 | 14116.667590104345 | 13987.69471345057 | 13864.584240281056 | 13729.748960143013 | 13594.913680004976 | 13460.078399866932 | 13325.243119728895 | 13178.683032622328 | 13043.847752484291 | 12909.01247234625 | 12774.17719220821 | 12639.341912070171 | 12504.50663193213 | 12369.67135179409 | 12234.836071656053 | 12100.000791518009 | 11965.165511379972
 |  | Industrial |  | 0 | 0 | 0 | 0 | 0 | 0 | 0 | 0 | 0 | 0 | 0 | 0 | 0 | 0 | 0 | 0 | 0 | 0 | 0 | 0 | 0 | 0 | 0 | 0 | 0 | 0 | 0 | 0 | 0 | 0
 |  | Pública |  | 0 | 0 | 0 | 0 | 0 | 0 | 0 | 0 | 0 | 0 | 0 | 0 | 0 | 0 | 0 | 0 | 0 | 0 | 0 | 0 | 0 | 0 | 0 | 0 | 0 | 0 | 0 | 0 | 0 | 0
 |  | Coromandel |  | 4966988.894346843 | 4969784.511192423 | 4972580.128038003 | 4975375.744883583 | 4978171.361729163 | 4981295.8746742215 | 4973895.712435922 | 4966495.550197623 | 4959095.387959323 | 4951695.225721022 | 4944295.063482723 | 4929988.083155344 | 4915681.1028279625 | 4901374.122500585 | 4887067.142173205 | 4872431.265746345 | 4851875.259528845 | 4831319.253311346 | 4810763.247093846 | 4790207.240876348 | 4769815.682708588 | 4749259.676491088 | 4728703.670273589 | 4708147.664056089 | 4687591.657838589 | 4667035.651621089 | 4646479.645403591 | 4625923.639186092 | 4605367.632968591 | 4584811.626751091
 |  | Social |  | 792581.4660250877 | 793027.5620694007 | 793473.6581137136 | 793919.7541580263 | 794365.8502023394 | 794864.4281342184 | 793683.5856639784 | 792502.7431937384 | 791321.9007234983 | 790141.0582532585 | 788960.2157830185 | 786677.2536738877 | 784394.2915647571 | 782111.3294556265 | 779828.3673464957 | 777492.9233497989 | 774212.80537691 | 770932.687404021 | 767652.5694311322 | 764372.4514582434 | 761118.5744291377 | 757838.4564562485 | 754558.3384833599 | 751278.2205104709 | 747998.1025375819 | 744717.9845646931 | 741437.8665918042 | 738157.7486189154 | 734877.6306460263 | 731597.5126731376
 |  | Residencial (Fixa) |  | 90099.87945360201 | 90150.59121200193 | 90201.30297040186 | 90252.01472880178 | 90302.7264872017 | 90359.40433482514 | 90225.16732729593 | 90090.93031976672 | 89956.69331223752 | 89822.45630470832 | 89688.21929717912 | 89428.69441595598 | 89169.16953473285 | 88909.64465350972 | 88650.1197722866 | 88384.62880183995 | 88011.74822536994 | 87638.86764889993 | 87265.98707242993 | 86893.10649595992 | 86523.20896410166 | 86150.32838763164 | 85777.44781116163 | 85404.56723469161 | 85031.6866582216 | 84658.8060817516 | 84285.92550528157 | 83913.04492881156 | 83540.16435234156 | 83167.28377587155
 |  | Residencial (0 a 5 m³) |  | 596646.9901673347 | 596982.8065768448 | 597318.6229863549 | 597654.439395865 | 597990.2558053753 | 598365.580027769 | 597476.6542378891 | 596587.7284480094 | 595698.8026581295 | 594809.8768682496 | 593920.9510783699 | 592202.3612179356 | 590483.7713575012 | 588765.181497067 | 587046.5916366325 | 585288.4939633147 | 582819.2556580929 | 580350.0173528712 | 577880.7790476496 | 575411.5407424278 | 572962.0563436479 | 570492.8180384261 | 568023.5797332044 | 565554.3414279828 | 563085.103122761 | 560615.8648175392 | 558146.6265123177 | 555677.3882070959 | 553208.149901874 | 550738.9115966524
 |  | Residencial (> 5m³ a 10m³) |  | 821460.629372776 | 821922.9797468766 | 822385.3301209772 | 822847.680495078 | 823310.0308691788 | 823826.7754049383 | 822602.9067676129 | 821379.0381302875 | 820155.1694929622 | 818931.3008556371 | 817707.4322183115 | 815341.2861861491 | 812975.1401539866 | 810608.9941218246 | 808242.8480896621 | 805822.3078958411 | 802422.6727921593 | 799023.0376884778 | 795623.4025847964 | 792223.7674811147 | 788851.3294582628 | 785451.6943545812 | 782052.0592508996 | 778652.4241472181 | 775252.7890435365 | 771853.153939855 | 768453.5188361736 | 765053.883732492 | 761654.2486288104 | 758254.6135251289
 |  | Residencial (> 10m³ a 15m³) |  | 686793.0727998066 | 687179.6269726842 | 687566.1811455619 | 687952.7353184394 | 688339.2894913171 | 688771.3206257098 | 687748.0889916219 | 686724.8573575339 | 685701.6257234461 | 684678.3940893582 | 683655.1624552703 | 681676.914629367 | 679698.6668034636 | 677720.4189775605 | 675742.1711516571 | 673718.4463642389 | 670876.1362695502 | 668033.8261748615 | 665191.5160801728 | 662349.2059854843 | 659529.6343715532 | 656687.3242768644 | 653845.0141821759 | 651002.7040874872 | 648160.3939927984 | 645318.0838981098 | 642475.7738034212 | 639633.4637087326 | 636791.1536140438 | 633948.8435193553
 |  | Residencial (> 15m³ a 20m³) |  | 425417.20459930797 | 425656.646146063 | 425896.08769281796 | 426135.52923957293 | 426374.97078632796 | 426642.5819268189 | 426008.76606776146 | 425374.9502087041 | 424741.13434964675 | 424107.3184905894 | 423473.502631532 | 422248.125304021 | 421022.7479765101 | 419797.3706489993 | 418571.9933214883 | 417318.4464002416 | 415557.8467917489 | 413797.24718325614 | 412036.64757476345 | 410276.04796627077 | 408529.533154646 | 406768.93354615325 | 405008.3339376606 | 403247.73432916787 | 401487.1347206751 | 399726.53511218244 | 397965.9355036898 | 396205.3358951971 | 394444.73628670437 | 392684.1366782117
 |  | Residencial (> 20m³ a 40m³) |  | 391545.63509206666 | 391766.012386351 | 391986.3896806354 | 392206.76697491977 | 392427.1442692042 | 392673.44830399257 | 392090.0966426516 | 391506.7449813106 | 390923.39331996965 | 390340.0416586286 | 389756.68999728764 | 388628.8767853618 | 387501.0635734358 | 386373.25036151 | 385245.43714958406 | 384091.6971971541 | 382471.27591565147 | 380850.8546341487 | 379230.43335264595 | 377610.0120711433 | 376002.55415989255 | 374382.1328783898 | 372761.7115968871 | 371141.29031538434 | 369520.8690338816 | 367900.4477523789 | 366280.0264708762 | 364659.6051893735 | 363039.1839078707 | 361418.762626368
 |  | Residencial (>40m³) |  | 47524.98651516471 | 47551.735448112595 | 47578.48438106047 | 47605.23331400835 | 47631.982246956235 | 47661.878113192106 | 47591.07211421241 | 47520.26611523273 | 47449.46011625305 | 47378.65411727336 | 47307.848118293674 | 47170.95652026628 | 47034.0649222389 | 46897.17332421151 | 46760.28172618411 | 46620.24319486874 | 46423.55986436961 | 46226.87653387048 | 46030.19320337135 | 45833.50987287224 | 45638.4000090171 | 45441.71667851797 | 45245.03334801886 | 45048.350017519726 | 44851.666687020595 | 44654.98335652147 | 44458.30002602234 | 44261.616695523226 | 44064.933365024095 | 43868.25003452497
 |  | Comercial |  | 800452.4371305235 | 800902.9632671683 | 801353.4894038131 | 801804.0155404576 | 802254.5416771027 | 802758.0708886466 | 801565.5017034105 | 800372.9325181744 | 799180.3633329382 | 797987.7941477019 | 796795.2249624658 | 794489.5912043427 | 792183.9574462192 | 789878.323688096 | 787572.6899299726 | 785214.05309695 | 781901.3609157385 | 778588.668734527 | 775275.9765533152 | 771963.2843721036 | 768677.0937283416 | 765364.4015471301 | 762051.7093659185 | 758739.0171847069 | 755426.3250034952 | 752113.6328222838 | 748800.940641072 | 745488.2484598604 | 742175.5562786488 | 738862.8640974372
 |  | Industrial |  | 114579.5831574221 | 114644.0730565638 | 114708.5629557055 | 114773.05285484719 | 114837.54275398894 | 114909.61970008847 | 114738.9111435369 | 114568.20258698532 | 114397.49403043374 | 114226.78547388216 | 114056.07691733059 | 113726.04037466417 | 113396.00383199778 | 113065.9672893314 | 112735.93074666499 | 112398.30715704076 | 111924.11672217525 | 111449.92628730975 | 110975.73585244424 | 110501.54541757876 | 110031.14850619217 | 109556.95807132665 | 109082.76763646114 | 108608.57720159563 | 108134.38676673011 | 107660.1963318646 | 107186.0058969991 | 106711.81546213361 | 106237.62502726808 | 105763.4345924026
 |  | Pública |  | 199887.01003375094 | 199999.5143103558 | 200112.01858696068 | 200224.5228635655 | 200337.02714017042 | 200462.76721402296 | 200164.96177595117 | 199867.15633787945 | 199569.35089980773 | 199271.54546173598 | 198973.74002366426 | 198397.9828433922 | 197822.2256631202 | 197246.4684828482 | 196670.71130257612 | 196081.71832505648 | 195254.48099707943 | 194427.24366910238 | 193600.0063411253 | 192772.7690131483 | 191952.14958379508 | 191124.91225581797 | 190297.67492784094 | 189470.43759986392 | 188643.20027188683 | 187815.96294390978 | 186988.72561593272 | 186161.4882879557 | 185334.2509599786 | 184507.0136320016
 |  | Cruzeiro da Fortaleza |  | 513137.08263196837 | 513700.04158164683 | 514263.0005313254 | 514825.959481004 | 515388.91843068256 | 516233.3568552002 | 516092.61711778055 | 515951.8773803608 | 515811.13764294126 | 515670.3979055217 | 515248.1786932628 | 514122.2607939058 | 512996.34289454867 | 511870.42499519174 | 510744.5070958347 | 509759.3289338972 | 508070.4520848618 | 506381.5752358262 | 504692.6983867906 | 503003.82153775496 | 501314.9446887196 | 499626.06783968385 | 497937.19099064835 | 496248.31414161285 | 494559.43729257735 | 492870.5604435418 | 491181.6835945062 | 489492.80674547056 | 487803.92989643506 | 486115.05304739956
 |  | Social |  | 186302.04205114534 | 186506.43266228205 | 186710.82327341882 | 186915.2138845556 | 187119.60449569233 | 187426.1904123974 | 187375.09275961327 | 187323.99510682904 | 187272.89745404487 | 187221.79980126073 | 187068.50684290813 | 186659.72562063465 | 186250.94439836114 | 185842.16317608766 | 185433.38195381415 | 185075.69838432485 | 184462.5265509146 | 183849.35471750435 | 183236.18288409413 | 182623.01105068385 | 182009.83921727363 | 181396.6673838634 | 180783.49555045314 | 180170.3237170429 | 179557.15188363264 | 178943.98005022242 | 178330.80821681215 | 177717.63638340193 | 177104.46454999168 | 176491.29271658143
 |  | Residencial (Fixa) |  | 9413.064370804173 | 9423.391375050804 | 9433.718379297436 | 9444.045383544066 | 9454.372387790698 | 9469.862894160644 | 9467.281143098986 | 9464.699392037328 | 9462.11764097567 | 9459.535889914012 | 9451.79063672904 | 9431.136628235776 | 9410.482619742514 | 9389.828611249251 | 9369.17460275599 | 9351.102345324387 | 9320.121332584495 | 9289.1403198446 | 9258.159307104708 | 9227.178294364816 | 9196.197281624922 | 9165.21626888503 | 9134.235256145135 | 9103.254243405241 | 9072.273230665349 | 9041.292217925456 | 9010.311205185562 | 8979.33019244567 | 8948.349179705778 | 8917.368166965884
 |  | Residencial (0 a 5 m³) |  | 41146.02481280596 | 41191.165816440414 | 41236.306820074875 | 41281.44782370932 | 41326.58882734378 | 41394.300332795465 | 41383.01508188684 | 41371.729830978235 | 41360.44458006962 | 41349.159329161004 | 41315.30357643517 | 41225.02156916625 | 41134.739561897346 | 41044.45755462844 | 40954.175547359526 | 40875.17879099923 | 40739.75578009587 | 40604.33276919249 | 40468.90975828913 | 40333.48674738577 | 40198.0637364824 | 40062.64072557903 | 39927.217714675666 | 39791.794703772306 | 39656.37169286893 | 39520.948681965565 | 39385.5256710622 | 39250.10266015884 | 39114.67964925547 | 38979.256638352104
 |  | Residencial (> 5m³ a 10m³) |  | 47313.81452704187 | 47365.72216777367 | 47417.62980850548 | 47469.537449237294 | 47521.4450899691 | 47599.3065510668 | 47586.32964088385 | 47573.3527307009 | 47560.37582051796 | 47547.398910335 | 47508.46817978615 | 47404.65289832253 | 47300.83761685891 | 47197.022335395304 | 47093.20705393169 | 47002.368682651024 | 46846.64576045561 | 46690.92283826019 | 46535.19991606477 | 46379.47699386935 | 46223.754071673924 | 46068.03114947851 | 45912.30822728308 | 45756.58530508767 | 45600.86238289224 | 45445.13946069682 | 45289.4165385014 | 45133.69361630598 | 44977.97069411056 | 44822.24777191515
 |  | Residencial (> 10m³ a 15m³) |  | 39010.43004886234 | 39053.228107061856 | 39096.02616526138 | 39138.824223460906 | 39181.62228166042 | 39245.8193689597 | 39235.119854409815 | 39224.420339859935 | 39213.72082531006 | 39203.02131076018 | 39170.92276711054 | 39085.326650711504 | 38999.73053431246 | 38914.134417913425 | 38828.53830151438 | 38753.64169966522 | 38625.24752506666 | 38496.853350468096 | 38368.45917586954 | 38240.06500127098 | 38111.67082667242 | 37983.27665207386 | 37854.8824774753 | 37726.48830287674 | 37598.094128278186 | 37469.69995367963 | 37341.30577908106 | 37212.911604482506 | 37084.51742988395 | 36956.12325528539
 |  | Residencial (> 15m³ a 20m³) |  | 28009.99486152205 | 28040.72442253304 | 28071.453983544037 | 28102.183544555035 | 28132.91310556603 | 28179.00744708252 | 28171.32505682977 | 28163.642666577023 | 28155.960276324276 | 28148.27788607153 | 28125.230715313282 | 28063.771593291287 | 28002.312471269302 | 27940.853349247307 | 27879.39422722532 | 27825.61749545608 | 27733.42881242309 | 27641.240129390106 | 27549.051446357123 | 27456.862763324134 | 27364.674080291155 | 27272.485397258166 | 27180.296714225176 | 27088.108031192194 | 26995.919348159205 | 26903.730665126222 | 26811.541982093237 | 26719.353299060254 | 26627.16461602727 | 26534.975932994283
 |  | Residencial (> 20m³ a 40m³) |  | 25504.65006666787 | 25532.63103218259 | 25560.611997697313 | 25588.592963212035 | 25616.573928726753 | 25658.545376998834 | 25651.550135620153 | 25644.55489424147 | 25637.559652862798 | 25630.564411484116 | 25609.578687348076 | 25553.616756318635 | 25497.65482528919 | 25441.69289425975 | 25385.730963230308 | 25336.764273579545 | 25252.821377035383 | 25168.87848049122 | 25084.935583947063 | 25000.992687402897 | 24917.04979085874 | 24833.106894314576 | 24749.163997770407 | 24665.221101226252 | 24581.278204682087 | 24497.335308137925 | 24413.392411593763 | 24329.449515049604 | 24245.50661850544 | 24161.56372196128
 |  | Residencial (>40m³) |  | 6140.302898423993 | 6147.039379936251 | 6153.77586144851 | 6160.512342960769 | 6167.2488244730275 | 6177.353546741416 | 6175.669426363351 | 6173.985305985287 | 6172.301185607223 | 6170.617065229158 | 6165.564704094963 | 6152.091741070445 | 6138.618778045928 | 6125.145815021408 | 6111.672851996892 | 6099.884009350438 | 6079.674564813661 | 6059.465120276885 | 6039.255675740108 | 6019.046231203331 | 5998.836786666555 | 5978.627342129778 | 5958.417897593001 | 5938.208453056224 | 5917.999008519448 | 5897.789563982671 | 5877.5801194458945 | 5857.370674909118 | 5837.161230372341 | 5816.951785835565
 |  | Comercial |  | 77205.28771050442 | 77289.9890683876 | 77374.69042627075 | 77459.39178415392 | 77544.09314203709 | 77671.14517886184 | 77649.96983939104 | 77628.79449992024 | 77607.61916044947 | 77586.44382097866 | 77522.91780256628 | 77353.51508679996 | 77184.11237103363 | 77014.70965526732 | 76845.30693950098 | 76697.07956320544 | 76442.97548955596 | 76188.87141590645 | 75934.76734225695 | 75680.66326860746 | 75426.55919495798 | 75172.45512130848 | 74918.35104765897 | 74664.24697400948 | 74410.14290035999 | 74156.03882671052 | 73901.93475306101 | 73647.8306794115 | 73393.72660576201 | 73139.62253211254
 |  | Industrial |  | 4616.649676886118 | 4621.714569565093 | 4626.779462244069 | 4631.844354923044 | 4636.90924760202 | 4644.506586620482 | 4643.240363450738 | 4641.974140280994 | 4640.707917111252 | 4639.441693941508 | 4635.6430244322755 | 4625.513239074325 | 4615.383453716374 | 4605.253668358423 | 4595.123883000472 | 4586.2603208122655 | 4571.065642775339 | 4555.870964738412 | 4540.676286701486 | 4525.48160866456 | 4510.286930627633 | 4495.092252590707 | 4479.89757455378 | 4464.702896516855 | 4449.508218479928 | 4434.313540443002 | 4419.118862406075 | 4403.924184369149 | 4388.729506332223 | 4373.534828295296
 |  | Pública |  | 48474.821607304235 | 48528.00298043348 | 48581.18435356273 | 48634.36572669197 | 48687.54709982121 | 48767.31915951507 | 48754.02381623276 | 48740.728472950446 | 48727.43312966814 | 48714.137786385836 | 48674.25175653889 | 48567.889010280414 | 48461.52626402193 | 48355.16351776344 | 48248.80077150496 | 48155.73336852878 | 47996.189249141054 | 47836.64512975333 | 47677.10101036561 | 47517.55689097788 | 47358.012771590154 | 47198.46865220243 | 47038.9245328147 | 46879.380413426974 | 46719.83629403924 | 46560.29217465152 | 46400.74805526379 | 46241.20393587607 | 46081.65981648834 | 45922.11569710062
 |  | Guimarânia |  | 1053951.4801815809 | 1063711.3660084195 | 1073471.2518352582 | 1083231.1376620966 | 1092991.023488935 | 1102634.7201987877 | 1111116.5257387783 | 1119598.331278769 | 1128080.1368187596 | 1136561.9423587504 | 1144927.5587817547 | 1151666.5275669529 | 1158405.496352151 | 1165144.465137349 | 1171883.433922547 | 1178854.7809417176 | 1183734.7238551371 | 1188614.6667685562 | 1193494.6096819756 | 1198374.5525953947 | 1203022.1172748418 | 1207902.060188261 | 1212782.00310168 | 1217661.9460150998 | 1222541.8889285186 | 1227421.831841938 | 1232301.7747553573 | 1237181.7176687766 | 1242061.660582196 | 1246941.6034956155
 |  | Social |  | 343721.22582802223 | 346904.18062568 | 350087.13542333787 | 353270.0902209956 | 356453.04501865344 | 359598.1074972915 | 362364.24678573216 | 365130.38607417286 | 367896.52536261355 | 370662.6646510543 | 373390.91162047524 | 375588.6661236199 | 377786.4206267646 | 379984.1751299093 | 382181.92963305395 | 384455.4687742381 | 386046.94617306703 | 387638.42357189587 | 389229.90097072476 | 390821.3783695537 | 392337.0711303431 | 393928.54852917197 | 395520.0259280009 | 397111.5033268298 | 398702.98072565865 | 400294.4581244876 | 401885.9355233165 | 403477.41292214545 | 405068.8903209743 | 406660.3677198032
 |  | Residencial (Fixa) |  | 19536.407115240338 | 19717.319715579903 | 19898.232315919468 | 20079.14491625903 | 20260.057516598597 | 20438.816395505546 | 20596.038060086357 | 20753.25972466717 | 20910.48138924798 | 21067.703053828795 | 21222.770996976993 | 21347.686840068596 | 21472.6026831602 | 21597.518526251803 | 21722.434369343406 | 21851.657655300238 | 21942.11395547002 | 22032.570255639803 | 22123.026555809585 | 22213.482855979368 | 22299.63171328392 | 22390.088013453707 | 22480.544313623486 | 22571.00061379327 | 22661.456913963048 | 22751.91321413283 | 22842.369514302613 | 22932.825814472395 | 23023.282114642185 | 23113.73841481196
 |  | Residencial (0 a 5 m³) |  | 85396.79112468282 | 86187.58932272861 | 86978.3875207744 | 87769.18571882017 | 88559.98391686598 | 89341.36785064932 | 90028.60914180816 | 90715.850432967 | 91403.09172412584 | 92090.33301528469 | 92768.16004218109 | 93314.18736940315 | 93860.21469662525 | 94406.24202384736 | 94952.26935106945 | 95517.12520681645 | 95912.52430583932 | 96307.92340486222 | 96703.32250388512 | 97098.72160290802 | 97475.29217340601 | 97870.69127242891 | 98266.09037145179 | 98661.4894704747 | 99056.88856949758 | 99452.28766852048 | 99847.68676754338 | 100243.08586656628 | 100638.48496558917 | 101033.88406461205
 |  | Residencial (> 5m³ a 10m³) |  | 98197.77134874673 | 99107.11020811115 | 100016.44906747557 | 100925.78792684 | 101835.12678620445 | 102733.64018295739 | 103523.89895359552 | 104314.15772423365 | 105104.41649487177 | 105894.67526550991 | 106674.10857353656 | 107301.98540500249 | 107929.8622364684 | 108557.73906793431 | 109185.61589940022 | 109835.14365608909 | 110289.81308577131 | 110744.48251545354 | 111199.15194513575 | 111653.82137481797 | 112086.8398792772 | 112541.50930895942 | 112996.17873864164 | 113450.84816832385 | 113905.51759800606 | 114360.18702768827 | 114814.85645737048 | 115269.52588705272 | 115724.19531673493 | 116178.86474641715
 |  | Residencial (> 10m³ a 15m³) |  | 82071.36964985763 | 82831.37351388454 | 83591.37737791144 | 84351.38124193835 | 85111.38510596524 | 85862.34130494422 | 86522.82085344379 | 87183.30040194334 | 87843.77995044291 | 88504.2594989425 | 89155.69138239413 | 89680.45595517459 | 90205.2205279551 | 90729.98510073556 | 91254.74967351604 | 91797.6095763924 | 92177.61150840585 | 92557.61344041931 | 92937.61537243276 | 93317.6173044462 | 93679.52390636379 | 94059.52583837725 | 94439.52777039068 | 94819.52970240415 | 95199.53163441761 | 95579.53356643104 | 95959.5354984445 | 96339.53743045795 | 96719.5393624714 | 97099.54129448485
 |  | Residencial (> 15m³ a 20m³) |  | 58928.30812916478 | 59474.000763146694 | 60019.6933971286 | 60565.386031110495 | 61111.07866509239 | 61650.27495819357 | 62124.50784248736 | 62598.74072678115 | 63072.97361107494 | 63547.20649536875 | 64014.94303878181 | 64391.73080986455 | 64768.51858094729 | 65145.306352030035 | 65522.09412311278 | 65911.87457595699 | 66184.72089294795 | 66457.56720993889 | 66730.41352692984 | 67003.25984392081 | 67263.11347915028 | 67535.95979614122 | 67808.80611313217 | 68081.65243012314 | 68354.49874711409 | 68627.34506410503 | 68900.19138109598 | 69173.03769808695 | 69445.8840150779 | 69718.73033206884
 |  | Residencial (> 20m³ a 40m³) |  | 53657.48495440667 | 54154.368289890095 | 54651.25162537352 | 55148.13496085694 | 55645.01829634037 | 56135.98635402043 | 56567.801633666735 | 56999.616913313046 | 57431.43219295935 | 57863.24747260567 | 58289.1474744486 | 58632.2335870443 | 58975.31969964001 | 59318.405812235695 | 59661.491924831396 | 60016.40859303385 | 60264.85026077556 | 60513.291928517276 | 60761.733596258986 | 61010.175264000696 | 61246.78637613566 | 61495.22804387738 | 61743.66971161909 | 61992.11137936081 | 62240.55304710252 | 62488.99471484423 | 62737.43638258595 | 62985.87805032766 | 63234.319718069375 | 63482.761385811085
 |  | Residencial (>40m³) |  | 12918.162355745271 | 13037.788156415827 | 13157.41395708638 | 13277.039757756937 | 13396.665558427492 | 13514.8672424234 | 13618.827759672806 | 13722.788276922218 | 13826.748794171626 | 13930.709311421038 | 14033.245711995802 | 14115.844479125468 | 14198.44324625514 | 14281.042013384806 | 14363.640780514475 | 14449.087780993445 | 14508.90068132872 | 14568.713581663998 | 14628.526481999275 | 14688.339382334554 | 14745.304049320532 | 14805.11694965581 | 14864.929849991087 | 14924.742750326363 | 14984.555650661641 | 15044.368550996918 | 15104.181451332197 | 15163.994351667476 | 15223.80725200275 | 15283.620152338028
 |  | Comercial |  | 194439.6224032481 | 196240.18775236869 | 198040.7531014893 | 199841.31845060983 | 201641.88379973045 | 203421.0138470758 | 204985.79087666867 | 206550.56790626157 | 208115.34493585443 | 209680.12196544738 | 211223.46369326502 | 212466.71119622918 | 213709.95869919343 | 214953.20620215763 | 216196.45370512185 | 217482.57181163656 | 218382.85448619688 | 219283.13716075712 | 220183.41983531744 | 221083.70250987774 | 221941.11458088752 | 222841.39725544784 | 223741.6799300081 | 224641.96260456843 | 225542.2452791287 | 226442.52795368896 | 227342.81062824928 | 228243.0933028096 | 229143.3759773699 | 230043.6586519302
 |  | Industrial |  | 10387.810027615935 | 10484.004057195887 | 10580.198086775838 | 10676.39211635579 | 10772.58614593574 | 10867.635008496884 | 10951.232200869936 | 11034.82939324299 | 11118.426585616042 | 11202.023777989096 | 11284.475803343337 | 11350.895490434257 | 11417.315177525175 | 11483.734864616094 | 11550.154551707014 | 11618.86457283555 | 11666.961587625527 | 11715.058602415502 | 11763.155617205475 | 11811.252631995452 | 11857.05931274781 | 11905.156327537785 | 11953.253342327762 | 12001.350357117739 | 12049.447371907714 | 12097.544386697688 | 12145.641401487665 | 12193.73841627764 | 12241.835431067617 | 12289.932445857592
 |  | Pública |  | 94696.5272448504 | 95573.44360341808 | 96450.35996198577 | 97327.27632055343 | 98204.1926791211 | 99070.66955722966 | 99832.7516307468 | 100594.83370426396 | 101356.91577778109 | 102118.99785129828 | 102870.64044435628 | 103476.13031098634 | 104081.62017761641 | 104687.11004424647 | 105292.59991087652 | 105918.96873842487 | 106357.42691770873 | 106795.88509699257 | 107234.3432762764 | 107672.80145556026 | 108090.3806739258 | 108528.83885320964 | 108967.29703249347 | 109405.75521177732 | 109844.21339106117 | 110282.671570345 | 110721.12974962885 | 111159.5879289127 | 111598.04610819653 | 112036.50428748038
 |  | Lagoa Formosa |  | 4118535.0849261563 | 4136203.172249197 | 4153871.259572237 | 4171539.3468952775 | 4189207.434218319 | 4206667.6616905 | 4216852.794382606 | 4227037.92707471 | 4237223.059766816 | 4247408.192458922 | 4258009.044852746 | 4261958.382019073 | 4265907.7191854 | 4269857.056351726 | 4273806.393518054 | 4278171.450386099 | 4275677.132175786 | 4273182.813965476 | 4270688.495755163 | 4268194.177544853 | 4265699.859334541 | 4263205.541124228 | 4260711.222913917 | 4258216.904703606 | 4255722.586493295 | 4253228.2682829825 | 4250733.95007267 | 4248239.63186236 | 4245745.313652048 | 4243250.995441736
 |  | Social |  | 551028.4882041909 | 553392.3431298676 | 555756.198055544 | 558120.0529812208 | 560483.9079068975 | 562819.9527746248 | 564182.6456141326 | 565545.3384536402 | 566908.031293148 | 568270.7241326555 | 569689.0370880616 | 570217.4281890952 | 570745.8192901288 | 571274.2103911623 | 571802.601492196 | 572386.6127091278 | 572052.8920137382 | 571719.1713183486 | 571385.450622959 | 571051.7299275694 | 570718.0092321796 | 570384.2885367901 | 570050.5678414004 | 569716.8471460107 | 569383.1264506212 | 569049.4057552315 | 568715.6850598418 | 568381.9643644523 | 568048.2436690625 | 567714.5229736728
 |  | Residencial (Fixa) |  | 96185.12150992756 | 96597.745681137 | 97010.36985234644 | 97422.99402355589 | 97835.61819476534 | 98243.38796396056 | 98481.25366265775 | 98719.11936135495 | 98956.98506005215 | 99194.85075874937 | 99442.42526147501 | 99534.65889974537 | 99626.89253801572 | 99719.12617628607 | 99811.3598145564 | 99913.30225685521 | 99855.04943268446 | 99796.79660851372 | 99738.54378434298 | 99680.29096017225 | 99622.0381360015 | 99563.78531183074 | 99505.53248765999 | 99447.27966348926 | 99389.02683931851 | 99330.77401514778 | 99272.52119097703 | 99214.26836680628 | 99156.01554263552 | 99097.76271846479
 |  | Residencial (0 a 5 m³) |  | 420440.7024502403 | 422244.34935183875 | 424047.99625343713 | 425851.6431550355 | 427655.29005663394 | 429437.7175829194 | 430477.46697325254 | 431517.2163635858 | 432556.9657539189 | 433596.7151442522 | 434678.9032852112 | 435082.0714161567 | 435485.2395471022 | 435888.4076780478 | 436291.5758089933 | 436737.1826905646 | 436482.55018680956 | 436227.91768305446 | 435973.28517929936 | 435718.6526755444 | 435464.02017178934 | 435209.3876680343 | 434954.7551642792 | 434700.1226605241 | 434445.490156769 | 434190.85765301395 | 433936.225149259 | 433681.5926455038 | 433426.9601417487 | 433172.3276379937
 |  | Residencial (> 5m³ a 10m³) |  | 483464.76982531353 | 485538.7834235346 | 487612.7970217556 | 489686.8106199766 | 491760.82421819767 | 493810.4376564396 | 495006.0454954141 | 496201.65333438857 | 497397.26117336313 | 498592.8690123376 | 499837.2771712701 | 500300.8802108725 | 500764.48325047485 | 501228.0862900772 | 501691.68932967953 | 502204.09268924006 | 501911.2907694911 | 501618.48884974234 | 501325.6869299935 | 501032.88501024473 | 500740.0830904958 | 500447.281170747 | 500154.47925099806 | 499861.6773312493 | 499568.87541150034 | 499276.07349175157 | 498983.2715720026 | 498690.46965225384 | 498397.66773250495 | 498104.86581275624
 |  | Residencial (> 10m³ a 15m³) |  | 518418.14234046923 | 520642.1022727869 | 522866.0622051044 | 525090.022137422 | 527313.9820697396 | 529511.7777675592 | 530793.8252579541 | 532075.8727483489 | 533357.9202387437 | 534639.9677291384 | 535974.3436885291 | 536471.4641439882 | 536968.5845994474 | 537465.7050549067 | 537962.825510366 | 538512.2744348209 | 538198.3036208466 | 537884.3328068724 | 537570.3619928982 | 537256.3911789239 | 536942.4203649496 | 536628.4495509755 | 536314.4787370012 | 536000.5079230269 | 535686.5371090528 | 535372.5662950784 | 535058.5954811042 | 534744.6246671301 | 534430.6538531557 | 534116.6830391814
 |  | Residencial (> 15m³ a 20m³) |  | 372230.9516939002 | 373827.7837769719 | 375424.61586004356 | 377021.44794311514 | 378618.2800261869 | 380196.32584945764 | 381116.85257969896 | 382037.3793099402 | 382957.9060401816 | 383878.4327704228 | 384836.5320202658 | 385193.4709564818 | 385550.4098926979 | 385907.3488289139 | 386264.2877651299 | 386658.7992209476 | 386433.36410333746 | 386207.92898572737 | 385982.4938681172 | 385757.05875050713 | 385531.62363289704 | 385306.188515287 | 385080.7533976768 | 384855.31828006665 | 384629.8831624566 | 384404.4480448465 | 384179.01292723627 | 383953.57780962624 | 383728.1426920161 | 383502.707574406
 |  | Residencial (> 20m³ a 40m³) |  | 338936.87642111187 | 340390.8803827448 | 341844.8843443777 | 343298.88830601063 | 344752.8922676436 | 346189.7903003161 | 347027.9808193751 | 347866.171338434 | 348704.361857493 | 349542.55237655196 | 350414.9547535317 | 350739.96740377904 | 351064.9800540264 | 351389.9927042738 | 351715.0053545212 | 352074.2298626893 | 351868.9587151646 | 351663.68756764 | 351458.41642011533 | 351253.1452725907 | 351047.87412506604 | 350842.60297754145 | 350637.3318300168 | 350432.0606824921 | 350226.7895349675 | 350021.51838744286 | 349816.24723991816 | 349610.97609239357 | 349405.70494486886 | 349200.4337973442
 |  | Residencial (>40m³) |  | 81599.82902063901 | 81949.88380345693 | 82299.93858627486 | 82649.99336909279 | 83000.04815191073 | 83345.98464316607 | 83547.7809297317 | 83749.57721629732 | 83951.37350286295 | 84153.16978942856 | 84363.20265911933 | 84441.45019880804 | 84519.69773849675 | 84597.94527818545 | 84676.19281787418 | 84762.67694068802 | 84713.25744193725 | 84663.83794318649 | 84614.41844443572 | 84564.99894568496 | 84515.57944693419 | 84466.15994818343 | 84416.74044943266 | 84367.3209506819 | 84317.90145193113 | 84268.48195318037 | 84219.06245442959 | 84169.64295567884 | 84120.22345692806 | 84070.80395817729
 |  | Comercial |  | 178820.25198537656 | 179587.372275008 | 180354.49256463943 | 181121.61285427082 | 181888.73314390224 | 182646.82848894977 | 183089.0507735608 | 183531.27305817188 | 183973.4953427829 | 184415.71762739398 | 184875.98980117284 | 185047.46374826695 | 185218.93769536103 | 185390.4116424551 | 185561.8855895492 | 185751.40942581106 | 185643.11009080426 | 185534.8107557975 | 185426.5114207907 | 185318.21208578395 | 185209.91275077715 | 185101.61341577035 | 184993.31408076358 | 184885.01474575678 | 184776.71541074998 | 184668.41607574315 | 184560.11674073638 | 184451.81740572958 | 184343.51807072278 | 184235.218735716
 |  | Industrial |  | 0 | 0 | 0 | 0 | 0 | 0 | 0 | 0 | 0 | 0 | 0 | 0 | 0 | 0 | 0 | 0 | 0 | 0 | 0 | 0 | 0 | 0 | 0 | 0 | 0 | 0 | 0 | 0 | 0 | 0
 |  | Pública |  | 1077409.951474987 | 1082031.9281518506 | 1086653.904828714 | 1091275.8815055776 | 1095897.8581824412 | 1100465.4586631062 | 1103129.8922768275 | 1105794.3258905488 | 1108458.75950427 | 1111123.1931179916 | 1113896.3791241096 | 1114929.5268518792 | 1115962.6745796485 | 1116995.822307418 | 1118028.9700351877 | 1119170.870155354 | 1118518.355800973 | 1117865.8414465925 | 1117213.3270922117 | 1116560.8127378311 | 1115908.2983834504 | 1115255.7840290696 | 1114603.2696746888 | 1113950.755320308 | 1113298.2409659275 | 1112645.7266115465 | 1111993.2122571657 | 1111340.6979027851 | 1110688.1835484044 | 1110035.6691940236
 |  | Patos de Minas |  | 35685621.44280961 | 35877437.34839633 | 36069253.253983036 | 36261069.159569755 | 36452885.06515646 | 36644494.04959369 | 36836723.797479406 | 37028953.5453651 | 37221183.29325082 | 37413413.041136526 | 37605228.946723245 | 37734554.665160894 | 37863880.383598536 | 37993206.10203618 | 38122531.82047381 | 38251650.61776197 | 38329659.89112354 | 38407669.16448514 | 38485678.43784672 | 38563687.711208306 | 38641490.0634204 | 38719499.33678198 | 38797508.61014358 | 38875517.88350516 | 38953527.15686675 | 39031536.43022833 | 39109545.703589916 | 39187554.976951495 | 39265564.25031309 | 39343573.52367467
 |  | Social |  | 2404402.9035981065 | 2417326.9526044587 | 2430251.0016108104 | 2443175.0506171626 | 2456099.0996235143 | 2469009.2068294277 | 2481961.1394366566 | 2494913.072043885 | 2507865.0046511134 | 2520816.937258342 | 2533740.986264694 | 2542454.6115386635 | 2551168.2368126335 | 2559881.862086603 | 2568595.4873605724 | 2577295.170834104 | 2582551.2295993627 | 2587807.2883646213 | 2593063.34712988 | 2598319.405895138 | 2603561.5228599585 | 2608817.5816252166 | 2614073.6403904757 | 2619329.699155734 | 2624585.7579209926 | 2629841.8166862517 | 2635097.87545151 | 2640353.934216768 | 2645609.992982027 | 2650866.0517472853
 |  | Residencial (Fixa) |  | 781408.9353283402 | 785609.132957062 | 789809.3305857837 | 794009.5282145055 | 798209.7258432274 | 802405.392514421 | 806614.6520581994 | 810823.9116019778 | 815033.1711457563 | 819242.4306895348 | 823442.6283182566 | 826274.476773436 | 829106.325228615 | 831938.1736837942 | 834770.0221389736 | 837597.3396366246 | 839305.5106247886 | 841013.6816129527 | 842721.8526011169 | 844430.0235892808 | 846133.6636199168 | 847841.8346080808 | 849550.005596245 | 851258.1765844092 | 852966.3475725733 | 854674.5185607376 | 856382.6895489015 | 858090.8605370657 | 859799.0315252298 | 861507.2025133938
 |  | Residencial (0 a 5 m³) |  | 5174538.436464876 | 5202352.405678623 | 5230166.374892372 | 5257980.344106119 | 5285794.313319867 | 5313578.278251831 | 5341452.256029148 | 5369326.233806462 | 5397200.211583778 | 5425074.189361094 | 5452888.158574841 | 5471640.834689829 | 5490393.510804813 | 5509146.186919801 | 5527898.863034786 | 5546621.534867989 | 5557933.149100549 | 5569244.763333109 | 5580556.377565668 | 5591867.991798228 | 5603149.601749004 | 5614461.215981564 | 5625772.830214124 | 5637084.444446683 | 5648396.058679243 | 5659707.672911803 | 5671019.287144363 | 5682330.901376922 | 5693642.515609483 | 5704954.129842042
 |  | Residencial (> 5m³ a 10m³) |  | 7124278.963579315 | 7162573.099026596 | 7200867.234473875 | 7239161.369921157 | 7277455.505368438 | 7315708.331068741 | 7354085.086009976 | 7392461.84095121 | 7430838.595892444 | 7469215.350833677 | 7507509.486280957 | 7533328.078141315 | 7559146.67000167 | 7584965.261862026 | 7610783.853722383 | 7636561.135835763 | 7652134.9104459295 | 7667708.685056099 | 7683282.459666264 | 7698856.234276431 | 7714388.699139622 | 7729962.473749788 | 7745536.248359958 | 7761110.022970123 | 7776683.79758029 | 7792257.572190457 | 7807831.346800623 | 7823405.121410791 | 7838978.896020957 | 7854552.670631125
 |  | Residencial (> 10m³ a 15m³) |  | 5745047.287524672 | 5775927.832784648 | 5806808.378044623 | 5837688.923304599 | 5868569.468564575 | 5899416.701477991 | 5930363.871431085 | 5961311.041384177 | 5992258.211337269 | 6023205.381290362 | 6054085.926550338 | 6074906.143149567 | 6095726.359748796 | 6116546.576348023 | 6137366.792947251 | 6158153.697199921 | 6170712.451852576 | 6183271.206505232 | 6195829.961157884 | 6208388.715810539 | 6220914.158116635 | 6233472.912769289 | 6246031.667421944 | 6258590.422074599 | 6271149.176727254 | 6283707.931379908 | 6296266.6860325625 | 6308825.440685215 | 6321384.195337871 | 6333942.949990526
 |  | Residencial (> 15m³ a 20m³) |  | 3558629.3079312947 | 3577757.5079107243 | 3596885.7078901525 | 3616013.907869581 | 3635142.1078490107 | 3654249.673308505 | 3673419.1423278037 | 3692588.6113471016 | 3711758.080366399 | 3730927.549385697 | 3750055.7493651262 | 3762952.3243242884 | 3775848.89928345 | 3788745.474242612 | 3801642.0492017735 | 3814517.989641001 | 3822297.203656368 | 3830076.417671735 | 3837855.631687101 | 3845634.845702466 | 3853393.425197899 | 3861172.639213265 | 3868951.8532286324 | 3876731.0672439984 | 3884510.281259365 | 3892289.4952747314 | 3900068.7092900984 | 3907847.923305464 | 3915627.1373208305 | 3923406.3513361965
 |  | Residencial (> 20m³ a 40m³) |  | 3275292.483160347 | 3292897.7025265163 | 3310502.921892686 | 3328108.141258856 | 3345713.3606250263 | 3363299.588384544 | 3380942.7909640176 | 3398585.9935434903 | 3416229.1961229634 | 3433872.3987024366 | 3451477.6180686066 | 3463347.372225949 | 3475217.126383291 | 3487086.8805406326 | 3498956.634697975 | 3510807.3972486653 | 3517967.232956374 | 3525127.0686640833 | 3532286.904371792 | 3539446.7400795 | 3546587.5841805576 | 3553747.419888266 | 3560907.2555959756 | 3568067.091303684 | 3575226.9270113925 | 3582386.7627191017 | 3589546.5984268105 | 3596706.4341345183 | 3603866.269842228 | 3611026.105549936
 |  | Residencial (>40m³) |  | 397548.1199242966 | 399685.0044608258 | 401821.8889973549 | 403958.7735338842 | 406095.65807041334 | 408230.23744563025 | 410371.73230478406 | 412513.2271639379 | 414654.7220230918 | 416796.2168822455 | 418933.10141877475 | 420373.8272389805 | 421814.55305918626 | 423255.2788793921 | 424696.0046995977 | 426134.4253584912 | 427003.47117323935 | 427872.5169879875 | 428741.5628027356 | 429610.6086174836 | 430477.34927091945 | 431346.3950856676 | 432215.4409004157 | 433084.48671516386 | 433953.5325299119 | 434822.5783446601 | 435691.6241594082 | 436560.66997415625 | 437429.7157889044 | 438298.7616036525
 |  | Comercial |  | 5106670.3983055465 | 5134119.565992136 | 5161568.733678725 | 5189017.901365315 | 5216467.069051905 | 5243886.6259858655 | 5271395.015177713 | 5298903.404369558 | 5326411.7935614055 | 5353920.182753252 | 5381369.350439841 | 5399876.070832633 | 5418382.791225426 | 5436889.511618218 | 5455396.232011011 | 5473873.341651175 | 5485036.595392107 | 5496199.84913304 | 5507363.102873972 | 5518526.356614903 | 5529659.999603208 | 5540823.253344139 | 5551986.507085073 | 5563149.760826005 | 5574313.014566937 | 5585476.26830787 | 5596639.522048802 | 5607802.775789734 | 5618966.029530667 | 5630129.283271599
 |  | Industrial |  | 771646.8913777035 | 775794.6164635619 | 779942.3415494203 | 784090.0666352786 | 788237.7917211371 | 792381.042454152 | 796537.7162456972 | 800694.3900372423 | 804851.0638287875 | 809007.7376203327 | 813155.4627061911 | 815951.9332333341 | 818748.4037604769 | 821544.8742876197 | 824341.3448147626 | 827133.3409890621 | 828820.1720110348 | 830507.0030330074 | 832193.8340549801 | 833880.6650769525 | 835563.0217460818 | 837249.8527680543 | 838936.683790027 | 840623.5148119996 | 842310.3458339721 | 843997.1768559449 | 845684.0078779174 | 847370.8388998898 | 849057.6699218625 | 850744.5009438351
 |  | Pública |  | 1346157.715615118 | 1353393.5279911775 | 1360629.3403672369 | 1367865.1527432962 | 1375100.9651193558 | 1382328.9718725719 | 1389580.3954943186 | 1396831.819116065 | 1404083.242737812 | 1411334.6663595585 | 1418570.4787356178 | 1423448.9930128967 | 1428327.5072901752 | 1433206.0215674536 | 1438084.5358447318 | 1442955.244499167 | 1445897.9643112211 | 1448840.6841232758 | 1451783.4039353302 | 1454726.1237473844 | 1457661.037936595 | 1460603.7577486495 | 1463546.477560704 | 1466489.1973727583 | 1469431.9171848127 | 1472374.6369968671 | 1475317.3568089216 | 1478260.0766209757 | 1481202.7964330304 | 1484145.5162450846
 |  | Presidente Olegário |  | 1175244.7825329273 | 1172108.6647059508 | 1168972.546878974 | 1165836.4290519971 | 1162700.3112250206 | 1159441.208385221 | 1153968.3753146147 | 1148495.5422440083 | 1143022.7091734018 | 1137549.8761027954 | 1132015.5505257773 | 1124513.4647435981 | 1117011.378961418 | 1109509.2931792387 | 1102007.2073970588 | 1094382.1366020567 | 1086265.125755764 | 1078148.1149094712 | 1070031.1040631784 | 1061914.0932168858 | 1053920.0673834158 | 1045803.0565371232 | 1037686.0456908304 | 1029569.0348445377 | 1021452.0239982451 | 1013335.0131519523 | 1005218.0023056595 | 997100.9914593667 | 988983.980613074 | 980866.9697667815
 |  | Social |  | 169404.79596881007 | 168952.74256809795 | 168500.6891673859 | 168048.63576667377 | 167596.58236596172 | 167126.801380908 | 166337.92387770454 | 165549.0463745011 | 164760.16887129765 | 163971.29136809427 | 163173.55007271995 | 162092.1674278793 | 161010.78478303863 | 159929.40213819797 | 158848.01949335728 | 157748.909264175 | 156578.88869762607 | 155408.86813107715 | 154238.84756452823 | 153068.82699797934 | 151916.53401577205 | 150746.5134492231 | 149576.49288267424 | 148406.4723161253 | 147236.45174957637 | 146066.43118302745 | 144896.41061647853 | 143726.3900499296 | 142556.3694833807 | 141386.3489168318
 |  | Residencial (Fixa) |  | 75259.29472667276 | 75058.4667635574 | 74857.63880044207 | 74656.81083732675 | 74455.98287421139 | 74247.27930469938 | 73896.81482004713 | 73546.35033539489 | 73195.88585074262 | 72845.42136609036 | 72491.01907823977 | 72010.6070880423 | 71530.19509784484 | 71049.78310764737 | 70569.37111744989 | 70081.08352085574 | 69561.29349867486 | 69041.503476494 | 68521.71345431313 | 68001.92343213226 | 67490.00901634808 | 66970.21899416718 | 66450.42897198633 | 65930.63894980546 | 65410.84892762458 | 64891.05890544371 | 64371.26888326283 | 63851.478861081974 | 63331.688838901086 | 62811.898816720226
 |  | Residencial (0 a 5 m³) |  | 149964.18110801917 | 149564.00460966688 | 149163.82811131456 | 148763.6516129623 | 148363.47511460996 | 147947.60542024387 | 147249.2581976291 | 146550.91097501435 | 145852.56375239952 | 145154.21652978478 | 144448.02270916308 | 143490.73775232033 | 142533.4527954776 | 141576.16783863486 | 140618.88288179215 | 139645.90472893557 | 138610.15379202375 | 137574.40285511196 | 136538.65191820014 | 135502.90098128835 | 134482.84324039036 | 133447.09230347857 | 132411.34136656675 | 131375.59042965493 | 130339.83949274312 | 129304.0885558313 | 128268.33761891948 | 127232.58668200768 | 126196.83574509586 | 125161.08480818407
 |  | Residencial (> 5m³ a 10m³) |  | 172443.81402395468 | 171983.65106271452 | 171523.4881014744 | 171063.32514023423 | 170603.16217899407 | 170124.9536114308 | 169321.9241300509 | 168518.8946486711 | 167715.8651672912 | 166912.83568591138 | 166100.7834013699 | 165000.00141565816 | 163899.21942994645 | 162798.4374442347 | 161697.65545852302 | 160578.82786648814 | 159387.8178491607 | 158196.80783183323 | 157005.79781450582 | 155814.7877971784 | 154641.82338617407 | 153450.81336884663 | 152259.80335151922 | 151068.79333419175 | 149877.78331686434 | 148686.77329953687 | 147495.76328220943 | 146304.753264882 | 145113.74324755455 | 143922.73323022714
 |  | Residencial (> 10m³ a 15m³) |  | 135616.36271626563 | 135254.4730920228 | 134892.5834677799 | 134530.69384353704 | 134168.8042192942 | 133792.722845081 | 133161.18997140232 | 132529.6570977236 | 131898.12422404488 | 131266.59135036616 | 130627.96260170228 | 129762.2658535135 | 128896.56910532468 | 128030.87235713587 | 127165.17560894707 | 126285.28711078798 | 125348.63161274762 | 124411.97611470727 | 123475.32061666693 | 122538.6651186266 | 121616.20137055656 | 120679.5458725162 | 119742.89037447586 | 118806.23487643553 | 117869.57937839518 | 116932.92388035484 | 115996.26838231449 | 115059.61288427415 | 114122.9573862338 | 113186.30188819344
 |  | Residencial (> 15m³ a 20m³) |  | 97374.30779570935 | 97114.4663506706 | 96854.62490563179 | 96594.78346059303 | 96334.94201555423 | 96064.9107099257 | 95611.46191368155 | 95158.0131174374 | 94704.56432119326 | 94251.11552494911 | 93792.57179841008 | 93170.99030243496 | 92549.40880645983 | 91927.8273104847 | 91306.24581450959 | 90674.47445794471 | 90001.9436590208 | 89329.41286009691 | 88656.88206117302 | 87984.35126224911 | 87322.01032391496 | 86649.47952499107 | 85976.94872606714 | 85304.41792714325 | 84631.88712821934 | 83959.35632929545 | 83286.82553037154 | 82614.29473144763 | 81941.76393252373 | 81269.23313359983
 |  | Residencial (> 20m³ a 40m³) |  | 88664.69480239756 | 88428.09479010571 | 88191.49477781383 | 87954.89476552195 | 87718.29475323008 | 87472.41630908362 | 87059.52609155467 | 86646.63587402573 | 86233.74565649676 | 85820.8554389678 | 85403.32600551155 | 84837.34166238198 | 84271.35731925239 | 83705.37297612282 | 83139.38863299324 | 82564.12585800908 | 81951.74935560659 | 81339.37285320408 | 80726.9963508016 | 80114.61984839912 | 79511.5217778512 | 78899.1452754487 | 78286.7687730462 | 77674.39227064372 | 77062.01576824121 | 76449.63926583872 | 75837.26276343621 | 75224.88626103372 | 74612.50975863123 | 74000.13325622873
 |  | Residencial (>40m³) |  | 21346.228278370134 | 21289.266283696797 | 21232.304289023454 | 21175.342294350114 | 21118.38029967677 | 21059.18450129075 | 20959.78023607649 | 20860.375970862235 | 20760.97170564797 | 20661.56744043371 | 20561.04627336311 | 20424.78424688963 | 20288.52222041615 | 20152.260193942668 | 20015.99816746919 | 19877.50233728303 | 19730.07129224615 | 19582.640247209267 | 19435.209202172387 | 19287.77815713551 | 19142.58091581131 | 18995.14987077443 | 18847.71882573755 | 18700.287780700666 | 18552.856735663787 | 18405.425690626907 | 18257.994645590024 | 18110.563600553145 | 17963.132555516262 | 17815.701510479386
 |  | Comercial |  | 177580.06471633437 | 177106.1957700947 | 176632.32682385502 | 176158.4578776153 | 175684.5889313756 | 175192.1368892049 | 174365.18912027683 | 173538.24135134873 | 172711.29358242062 | 171884.34581349255 | 171048.10649659898 | 169914.5376448099 | 168780.96879302082 | 167647.39994123174 | 166513.83108944265 | 165361.67914172262 | 164135.1948102787 | 162908.71047883478 | 161682.22614739084 | 160455.741815947 | 159247.84058043401 | 158021.3562489901 | 156794.8719175462 | 155568.38758610227 | 154341.90325465836 | 153115.41892321446 | 151888.9345917705 | 150662.45026032662 | 149435.96592888268 | 148209.48159743877
 |  | Industrial |  | 9129.931363000827 | 9105.568318865571 | 9081.20527473031 | 9056.842230595053 | 9032.479186459796 | 9007.16072882904 | 8964.644828279277 | 8922.128927729513 | 8879.613027179748 | 8837.097126629986 | 8794.103519332471 | 8735.823296106955 | 8677.543072881435 | 8619.262849655917 | 8560.9826264304 | 8501.746989709382 | 8438.689699006361 | 8375.632408303343 | 8312.575117600323 | 8249.517826897305 | 8187.4159496897855 | 8124.358658986764 | 8061.301368283746 | 7998.2440775807245 | 7935.186786877708 | 7872.129496174687 | 7809.072205471665 | 7746.014914768648 | 7682.957624065628 | 7619.900333362609
 |  | Pública |  | 78461.10703339291 | 78251.73509645785 | 78042.36315952276 | 77832.9912225877 | 77623.61928565263 | 77406.03668452402 | 77040.66212791186 | 76675.28757129968 | 76309.9130146875 | 75944.53845807532 | 75575.05856936637 | 75074.20805356091 | 74573.35753775545 | 74072.50702194998 | 73571.65650614453 | 73062.59532614554 | 72520.69148937242 | 71978.7876525993 | 71436.88381582618 | 70894.97997905307 | 70361.28680647348 | 69819.38296970035 | 69277.47913292724 | 68735.57529615411 | 68193.67145938099 | 67651.76762260788 | 67109.86378583475 | 66567.95994906164 | 66026.05611228851 | 65484.1522755154
 |  | Rio Paranaíba |  | 2025606.8302264472 | 2043171.7894738647 | 2060736.7487212822 | 2078301.7079686997 | 2095866.667216117 | 2113169.4628926776 | 2127064.1321480977 | 2140958.8014035174 | 2154853.4706589375 | 2168748.139914357 | 2182773.890955206 | 2193915.8427166278 | 2205057.794478049 | 2216199.7462394703 | 2227341.698000892 | 2238614.731547742 | 2245824.2297463086 | 2253033.727944876 | 2260243.226143443 | 2267452.7243420095 | 2274793.3043260053 | 2282002.802524572 | 2289212.300723139 | 2296421.798921705 | 2303631.297120273 | 2310840.79531884 | 2318050.293517407 | 2325259.791715973 | 2332469.2899145405 | 2339678.788113108
 |  | Social |  | 273692.5873423285 | 276065.900401532 | 278439.2134607355 | 280812.526519939 | 283185.8395791426 | 285523.7300553729 | 287401.1269529518 | 289278.5238505307 | 291155.92074810964 | 293033.31764568854 | 294928.4258347541 | 296433.88561111444 | 297939.3453874749 | 299444.80516383535 | 300950.2649401958 | 302473.43600804283 | 303447.55703980546 | 304421.6780715681 | 305395.7991033307 | 306369.9201350933 | 307361.7524583426 | 308335.8734901052 | 309309.9945218679 | 310284.1155536305 | 311258.2365853932 | 312232.3576171559 | 313206.47864891845 | 314180.5996806811 | 315154.72071244376 | 316128.8417442064
 |  | Residencial (Fixa) |  | 61243.5319577356 | 61774.60251247168 | 62305.67306720776 | 62836.74362194383 | 63367.81417667991 | 63890.95830522589 | 64311.05889330069 | 64731.15948137549 | 65151.2600694503 | 65571.3606575251 | 65995.42445869496 | 66332.29757177382 | 66669.17068485268 | 67006.04379793152 | 67342.91691101037 | 67683.75323718427 | 67901.72995741178 | 68119.70667763926 | 68337.68339786676 | 68555.66011809424 | 68777.6000514168 | 68995.57677164428 | 69213.55349187177 | 69431.53021209927 | 69649.50693232675 | 69867.48365255426 | 70085.46037278176 | 70303.43709300923 | 70521.41381323674 | 70739.39053346423
 |  | Residencial (0 a 5 m³) |  | 267705.37056696904 | 270026.7657430496 | 272348.16091913026 | 274669.55609521084 | 276990.9512712915 | 279277.6987581768 | 281114.0262855242 | 282950.3538128716 | 284786.68134021893 | 286623.00886756624 | 288476.6602395113 | 289949.1870303087 | 291421.7138211061 | 292894.2406119035 | 294366.7674027009 | 295856.61803809594 | 296809.4294909648 | 297762.2409438338 | 298715.05239670264 | 299667.86384957156 | 300637.9991470381 | 301590.810599907 | 302543.622052776 | 303496.4335056448 | 304449.2449585137 | 305402.0564113827 | 306354.8678642516 | 307307.67931712046 | 308260.4907699894 | 309213.3022228583
 |  | Residencial (> 5m³ a 10m³) |  | 307834.4094848373 | 310503.78183136985 | 313173.1541779025 | 315842.5265244351 | 318511.8988709677 | 321141.42983919376 | 323253.022889436 | 325364.61593967816 | 327476.20898992044 | 329587.80204016255 | 331719.3157795581 | 333412.5743575825 | 335105.8329356069 | 336799.09151363134 | 338492.3500916557 | 340205.52935883333 | 341301.16726226086 | 342396.80516568845 | 343492.443069116 | 344588.0809725435 | 345703.6395651243 | 346799.2774685518 | 347894.91537197947 | 348990.553275407 | 350086.19117883453 | 351181.8290822621 | 352277.46698568965 | 353373.10488911724 | 354468.7427925448 | 355564.3806959723
 |  | Residencial (> 10m³ a 15m³) |  | 257202.2700190453 | 259432.58802736425 | 261662.90603568315 | 263893.22404400207 | 266123.54205232096 | 268320.5717321575 | 270084.85314172314 | 271849.13455128885 | 273613.4159608546 | 275377.69737042027 | 277158.62294422725 | 278573.376904728 | 279988.13086522877 | 281402.88482572953 | 282817.6387862304 | 284249.0369109723 | 285164.46594423754 | 286079.8949775028 | 286995.32401076803 | 287910.7530440332 | 288842.8262415396 | 289758.25527480483 | 290673.6843080701 | 291589.1133413353 | 292504.54237460054 | 293419.9714078658 | 294335.40044113103 | 295250.82947439625 | 296166.25850766146 | 297081.6875409267
 |  | Residencial (> 15m³ a 20m³) |  | 184674.56658595236 | 186275.96385007698 | 187877.36111420157 | 189478.75837832622 | 191080.15564245082 | 192657.65145487204 | 193924.4283951497 | 195191.20533542742 | 196457.98227570512 | 197724.75921598278 | 199003.48688211216 | 200019.29857950463 | 201035.1102768971 | 202050.92197428955 | 203066.73367168204 | 204094.49609492617 | 204751.78601676834 | 205409.07593861056 | 206066.36586045273 | 206723.65578229495 | 207392.89642998882 | 208050.186351831 | 208707.4762736732 | 209364.7661955154 | 210022.0561173576 | 210679.34603919982 | 211336.635961042 | 211993.92588288416 | 212651.21580472638 | 213308.50572656855
 |  | Residencial (> 20m³ a 40m³) |  | 168156.41060536518 | 169614.5714169305 | 171072.73222849582 | 172530.89304006117 | 173989.05385162646 | 175425.45106898932 | 176578.92156172008 | 177732.39205445087 | 178885.86254718166 | 180039.33303991242 | 181203.68532974448 | 182128.63808334933 | 183053.5908369542 | 183978.54359055904 | 184903.49634416393 | 185839.33089487 | 186437.82973543787 | 187036.32857600573 | 187634.8274165736 | 188233.32625714145 | 188842.70689481054 | 189441.20573537835 | 190039.70457594626 | 190638.2034165141 | 191236.70225708198 | 191835.20109764984 | 192433.6999382177 | 193032.19877878553 | 193630.69761935342 | 194229.19645992125
 |  | Residencial (>40m³) |  | 40484.04086038091 | 40835.096414337495 | 41186.15196829407 | 41537.207522250654 | 41888.26307620724 | 42234.07899503013 | 42511.779657115185 | 42789.480319200244 | 43067.18098128531 | 43344.881643370354 | 43625.20212302227 | 43847.88661620367 | 44070.571109385084 | 44293.255602566496 | 44515.94009574791 | 44741.24440649616 | 44885.33437267237 | 45029.42433884858 | 45173.51430502478 | 45317.604271200995 | 45464.314054944036 | 45608.40402112025 | 45752.49398729646 | 45896.58395347266 | 46040.67391964888 | 46184.763885825094 | 46328.853852001295 | 46472.943818177504 | 46617.03378435372 | 46761.12375052992
 |  | Comercial |  | 305631.03201525944 | 308281.2978723775 | 310931.56372949545 | 313581.82958661346 | 316232.09544373146 | 318842.80509402684 | 320939.28405562765 | 323035.7630172285 | 325132.2419788293 | 327228.7209404301 | 329344.9780054423 | 331026.1167954052 | 332707.25558536814 | 334388.39437533106 | 336069.533165294 | 337770.45005866827 | 338858.24574629124 | 339946.0414339144 | 341033.8371215375 | 342121.63280916045 | 343229.20660019486 | 344317.002287818 | 345404.79797544103 | 346492.5936630641 | 347580.38935068715 | 348668.18503831024 | 349755.98072593333 | 350843.77641355636 | 351931.5721011794 | 353019.36778880254
 |  | Industrial |  | 15715.768890316029 | 15852.047479023875 | 15988.326067731723 | 16124.60465643957 | 16260.883245147415 | 16395.127825068575 | 16502.93029076284 | 16610.73275645711 | 16718.535222151375 | 16826.337687845644 | 16935.157157933252 | 17021.602531367334 | 17108.047904801413 | 17194.493278235495 | 17280.938651669578 | 17368.401029497 | 17424.336271130815 | 17480.271512764637 | 17536.206754398452 | 17592.141996032267 | 17649.09424205943 | 17705.029483693244 | 17760.964725327067 | 17816.899966960882 | 17872.8352085947 | 17928.77045022852 | 17984.70569186234 | 18040.64093349615 | 18096.576175129972 | 18152.511416763788
 |  | Pública |  | 143266.84189825732 | 144509.17392533078 | 145751.5059524043 | 146993.83797947777 | 148236.17000655123 | 149459.95976456392 | 150442.7000247862 | 151425.44028500852 | 152408.18054523083 | 153390.92080545312 | 154382.93220020586 | 155170.97863528976 | 155959.0250703737 | 156747.0715054576 | 157535.11794054153 | 158332.43551015586 | 158842.3479093278 | 159352.26030849974 | 159862.1727076717 | 160372.08510684365 | 160891.26864054598 | 161401.18103971792 | 161911.09343888992 | 162421.00583806186 | 162930.91823723383 | 163440.83063640576 | 163950.7430355777 | 164460.65543474964 | 164970.5678339216 | 165480.48023309355
 |  | Serra do Salitre |  | 1638660.87474894 | 1653095.5511315395 | 1667530.2275141384 | 1681964.9038967378 | 1696399.5802793365 | 1711094.340921082 | 1723318.301100941 | 1735542.2612807993 | 1747766.2214606584 | 1759990.1816405167 | 1772084.0996908029 | 1780666.8802426187 | 1789249.6607944341 | 1797832.44134625 | 1806415.221898066 | 1815258.0867090274 | 1821500.10892853 | 1827742.1311480321 | 1833984.1533675345 | 1840226.175587037 | 1846728.2820656851 | 1852970.3042851877 | 1859212.3265046906 | 1865454.3487241927 | 1871696.3709436946 | 1877938.393163197 | 1884180.4153826993 | 1890422.4376022017 | 1896664.4598217038 | 1902906.4820412057
 |  | Social |  | 312542.56065034406 | 315295.6932772934 | 318048.8259042427 | 320801.958531192 | 323555.09115814127 | 326357.82977836893 | 328689.31146245217 | 331020.79314653535 | 333352.2748306185 | 335683.7565147017 | 337990.4352021457 | 339627.43298033177 | 341264.4307585179 | 342901.428536704 | 344538.42631489004 | 346225.03008635447 | 347415.5739250353 | 348606.117763716 | 349796.6616023968 | 350987.2054410776 | 352227.35527303675 | 353417.89911171753 | 354608.44295039837 | 355798.98678907915 | 356989.5306277598 | 358180.07446644065 | 359370.61830512143 | 360561.16214380227 | 361751.70598248305 | 362942.2498211637
 |  | Residencial (Fixa) |  | 40016.48059815748 | 40368.978760715654 | 40721.47692327382 | 41073.97508583199 | 41426.47324839016 | 41785.32272919262 | 42083.83468667431 | 42382.346644156 | 42680.858601637694 | 42979.37055911939 | 43274.70685747894 | 43484.300359540546 | 43693.893861602155 | 43903.48736366377 | 44113.08086572538 | 44329.025686031295 | 44481.45732389428 | 44633.88896175727 | 44786.32059962027 | 44938.75223748326 | 45097.535193590535 | 45249.96683145354 | 45402.398469316526 | 45554.83010717952 | 45707.2617450425 | 45859.693382905505 | 46012.12502076849 | 46164.55665863149 | 46316.988296494485 | 46469.419934357466
 |  | Residencial (0 a 5 m³) |  | 174918.50036847155 | 176459.3267743838 | 178000.15318029607 | 179540.9795862083 | 181081.80599212056 | 182650.3950359772 | 183955.23901936237 | 185260.08300274747 | 186564.9269861327 | 187869.77096951782 | 189160.73363393077 | 190076.90068609483 | 190993.06773825883 | 191909.23479042292 | 192825.401842587 | 193769.33153269536 | 194435.63484336014 | 195101.9381540249 | 195768.2414646896 | 196434.5447753544 | 197128.61072396353 | 197794.9140346283 | 198461.21734529306 | 199127.52065595784 | 199793.82396662259 | 200460.1272772873 | 201126.4305879521 | 201792.73389861683 | 202459.03720928164 | 203125.34051994636
 |  | Residencial (> 5m³ a 10m³) |  | 201138.78610228206 | 202910.58240871437 | 204682.37871514665 | 206454.17502157897 | 208225.97132801125 | 210029.6918922171 | 211530.13200757417 | 213030.57212293122 | 214531.01223828833 | 216031.45235364538 | 217515.9303401157 | 218569.430846643 | 219622.93135317028 | 220676.43185969762 | 221729.93236622494 | 222815.35713052578 | 223581.53931709114 | 224347.7215036564 | 225113.90369022175 | 225880.08587678705 | 226678.19232112594 | 227444.37450769125 | 228210.55669425658 | 228976.73888082188 | 229742.92106738716 | 230509.1032539525 | 231275.2854405178 | 232041.46762708313 | 232807.64981364843 | 233573.83200021373
 |  | Residencial (> 10m³ a 15m³) |  | 183662.00157809796 | 185279.84795339903 | 186897.6943287001 | 188515.54070400118 | 190133.38707930222 | 191780.38383974388 | 193150.4519413502 | 194520.52004295652 | 195890.58814456285 | 197260.65624616915 | 198616.1491552052 | 199578.1118648437 | 200540.0745744821 | 201502.03728412063 | 202463.9999937591 | 203455.11308853814 | 204154.7223319116 | 204854.33157528503 | 205553.94081865845 | 206253.5500620319 | 206982.3096905459 | 207681.91893391934 | 208381.5281772928 | 209081.13742066623 | 209780.74666403965 | 210480.3559074131 | 211179.9651507865 | 211879.57439416 | 212579.18363753342 | 213278.7928809068
 |  | Residencial (> 15m³ a 20m³) |  | 131871.6997996643 | 133033.33448562276 | 134194.96917158127 | 135356.60385753974 | 136518.23854349818 | 137700.80358415862 | 138684.5302551505 | 139668.25692614235 | 140651.9835971342 | 141635.71026812607 | 142608.97176176697 | 143299.67346693145 | 143990.37517209593 | 144681.07687726046 | 145371.77858242494 | 146083.41064229142 | 146585.73915513832 | 147088.06766798522 | 147590.39618083212 | 148092.72469367902 | 148615.9835612279 | 149118.3120740748 | 149620.6405869217 | 150122.9690997686 | 150625.2976126155 | 151127.6261254624 | 151629.9546383093 | 152132.28315115627 | 152634.61166400317 | 153136.94017685004
 |  | Residencial (> 20m³ a 40m³) |  | 120076.47890387195 | 121134.21155670346 | 122191.94420953495 | 123249.67686236647 | 124307.40951519794 | 125384.20041402642 | 126279.93797588375 | 127175.67553774104 | 128071.41309959836 | 128967.15066145566 | 129853.3591003145 | 130482.28121821431 | 131111.20333611412 | 131740.12545401393 | 132369.04757191375 | 133017.02793581053 | 133474.42583973767 | 133931.8237436648 | 134389.2216475919 | 134846.61955151905 | 135323.0757014432 | 135780.47360537032 | 136237.87150929746 | 136695.2694132246 | 137152.6673171517 | 137610.06522107884 | 138067.46312500598 | 138524.86102893314 | 138982.25893286028 | 139439.65683678738
 |  | Residencial (>40m³) |  | 28908.68722051515 | 29163.338778445242 | 29417.990336375344 | 29672.64189430544 | 29927.29345223554 | 30186.53332652474 | 30402.184195402482 | 30617.83506428022 | 30833.485933157965 | 31049.136802035704 | 31262.493512733898 | 31413.907952584228 | 31565.32239243456 | 31716.736832284885 | 31868.151272135216 | 32024.15402834465 | 32134.27362096307 | 32244.393213581487 | 32354.51280619991 | 32464.632398818332 | 32579.340307795854 | 32689.459900414273 | 32799.579493032696 | 32909.69908565112 | 33019.818678269534 | 33129.93827088796 | 33240.05786350638 | 33350.17745612481 | 33460.297048743225 | 33570.41664136164
 |  | Comercial |  | 301624.5680160606 | 304281.5259598574 | 306938.48390365415 | 309595.44184745086 | 312252.39979124756 | 314957.2308511488 | 317207.2673080577 | 319457.30376496667 | 321707.34022187564 | 323957.3766787846 | 326183.4765776413 | 327763.289409088 | 329343.10224053473 | 330922.91507198144 | 332502.7279034282 | 334130.4138509793 | 335279.36863748607 | 336428.32342399267 | 337577.27821049944 | 338726.2329970061 | 339923.06089961727 | 341072.015686124 | 342220.9704726307 | 343369.9252591374 | 344518.88004564407 | 345667.8348321508 | 346816.78961865744 | 347965.74440516415 | 349114.69919167086 | 350263.6539781775
 |  | Industrial |  | 16838.264719343188 | 16986.59004144835 | 17134.915363553508 | 17283.240685658664 | 17431.56600776382 | 17582.5638581952 | 17708.172689527495 | 17833.78152085979 | 17959.390352192087 | 18084.999183524385 | 18209.27175069357 | 18297.465185458797 | 18385.658620224025 | 18473.852054989256 | 18562.045489754484 | 18652.911452845932 | 18717.05213267519 | 18781.192812504447 | 18845.333492333702 | 18909.47417216296 | 18976.287380318437 | 19040.428060147697 | 19104.568739976956 | 19168.709419806215 | 19232.85009963547 | 19296.990779464726 | 19361.131459293985 | 19425.272139123244 | 19489.4128189525 | 19553.553498781755
 |  | Pública |  | 127062.84679213176 | 128182.1211349559 | 129301.39547778001 | 130420.66982060412 | 131539.9441634282 | 132679.38561152844 | 133627.2395595056 | 134575.0935074828 | 135522.94745545997 | 136470.80140343713 | 137408.57179877625 | 138074.0862728879 | 138739.60074699952 | 139405.11522111116 | 140070.6296952228 | 140756.31127461055 | 141240.32180123718 | 141724.3323278638 | 142208.34285449047 | 142692.3533811171 | 143196.53101301988 | 143680.5415396465 | 144164.55206627317 | 144648.5625928998 | 145132.5731195264 | 145616.5836461531 | 146100.5941727797 | 146584.6046994064 | 147068.61522603303 | 147552.62575265963
 |  | TOTAL DE RECEITAS DA TARIFA DE REMUNERAÇÃO |  | 51715006.65991614 | 51963422.328385524 | 52211837.9968549 | 52460253.665324286 | 52708669.33379366 | 52957039.343395494 | 53177177.20567262 | 53397315.06794972 | 53617452.93022685 | 53837590.79250395 | 54057679.117923476 | 54190009.111614235 | 54322339.105304986 | 54454669.098995715 | 54586999.09268645 | 54720053.64142413 | 54778861.03340027 | 54837668.42537643 | 54896475.81735258 | 54955283.20932873 | 55013923.19384649 | 55072730.58582264 | 55131537.977798805 | 55190345.36977496 | 55249152.761751115 | 55307960.15372726 | 55366767.54570341 | 55425574.93767957 | 55484382.32965573 | 55543189.72163187
 |  | Inadimplência |  | 8594781.907727957 | 4941735.428743775 | 3930463.1872084667 | 3417288.2181796688 | 3162211.2051633047 | 2964653.490550907 | 2833476.4203254096 | 2845206.178743584 | 2856935.9371617604 | 2868665.6955799353 | 2880392.8144913656 | 2887443.8453381965 | 2894494.8761850265 | 2901545.9070318555 | 2908596.937878685 | 2915686.5756946807 | 2918820.0507541173 | 2921953.5258135553 | 2925087.000872993 | 2928220.4759324305 | 2931345.030904137 | 2934478.5059635746 | 2937611.9810230127 | 2940745.45608245 | 2943878.931141888 | 2947012.406201325 | 2950145.881260762 | 2953279.3563202 | 2956412.831379638 | 2959546.3064390747
 |  | RECEITAS DA TARIFA DE RDO |  | 43120224.75218818 | 47021686.89964175 | 48281374.809646435 | 49042965.44714462 | 49546458.128630355 | 49992385.85284459 | 50343700.78534721 | 50552108.889206134 | 50760516.99306509 | 50968925.096924014 | 51177286.30343211 | 51302565.26627604 | 51427844.22911996 | 51553123.19196386 | 51678402.15480777 | 51804367.06572945 | 51860040.98264615 | 51915714.89956287 | 51971388.816479586 | 52027062.73339631 | 52082578.16294235 | 52138252.07985907 | 52193925.99677579 | 52249599.91369251 | 52305273.830609225 | 52360947.74752594 | 52416621.66444265 | 52472295.581359364 | 52527969.49827609 | 52583643.4151928
 |  | RPU
 |  | Quantidade Coletada RPU (t/ano) |  | 16643.09934255 | 16720.403955785 | 16797.708569019997 | 16875.013182254996 | 16952.31779549 | 17029.559960529998 | 17096.731636964996 | 17163.9033134 | 17231.074989834997 | 17298.24666627 | 17365.294990969996 | 17404.118717514997 | 17442.942444059994 | 17481.76617060499 | 17520.58989715 | 17559.598026079995 | 17575.202792884997 | 17590.807559689994 | 17606.412326495 | 17622.017093299997 | 17637.669817964994 | 17653.27458477 | 17668.879351574997 | 17684.484118379998 | 17700.088885184996 | 17715.693651989997 | 17731.298418795 | 17746.9031856 | 17762.507952404998 | 17778.11271921
 |  | Total |  | 3722535.032958998 | 3739825.6304044463 | 3757116.227849894 | 3774406.825295342 | 3791697.4227407905 | 3808974.0524997604 | 3823998.232407922 | 3839022.4123160834 | 3854046.5922242445 | 3869070.7721324065 | 3884067.3621580903 | 3892751.002097936 | 3901434.6420377814 | 3910118.281977626 | 3918801.9219174716 | 3927526.806839649 | 3931017.0997182275 | 3934507.392596805 | 3937997.6854753834 | 3941487.978353961 | 3944988.997889292 | 3948479.29076787 | 3951969.5836464483 | 3955459.8765250253 | 3958950.169403605 | 3962440.4622821826 | 3965930.75516076 | 3969421.048039338 | 3972911.340917916 | 3976401.633796494
 |  | Arapuá |  | 29600.340925676817 | 29432.284485901968 | 29264.228046127122 | 29096.171606352273 | 28928.115166577416 | 28760.058726802574 | 28547.18723642109 | 28334.31574603962 | 28121.44425565814 | 27908.572765276665 | 27718.108800198504 | 27471.626021862055 | 27225.14324352561 | 26978.660465189165 | 26732.17768685272 | 26496.89867116793 | 26239.21213017983 | 25981.525589191726 | 25723.839048203623 | 25466.15250721552 | 25186.05844092411 | 24928.371899936003 | 24670.6853589479 | 24412.9988179598 | 24155.312276971694 | 23897.625735983594 | 23639.93919499549 | 23382.252654007385 | 23124.566113019286 | 22866.879572031183
 |  | Coromandel |  | 346349.07143913925 | 346544.0103285071 | 346738.9492178749 | 346933.8881072427 | 347128.82699661056 | 347346.6998729628 | 346830.68516581267 | 346314.6704586626 | 345798.6557515125 | 345282.6410443624 | 344766.62633721234 | 343768.99790338887 | 342771.3694695653 | 341773.74103574175 | 340776.11260191834 | 339755.55018111033 | 338322.1759945823 | 336888.8018080543 | 335455.4276215263 | 334022.0534349983 | 332600.1462419625 | 331166.7720554344 | 329733.39786890644 | 328300.0236823784 | 326866.6494958504 | 325433.27530932234 | 323999.9011227943 | 322566.52693626634 | 321133.1527497383 | 319699.7785632103
 |  | Cruzeiro da Fortaleza |  | 40848.918627940075 | 40893.7336785467 | 40938.54872915333 | 40983.36377975996 | 41028.17883036658 | 41095.40140627652 | 41084.197643624866 | 41072.993880973205 | 41061.79011832155 | 41050.58635566989 | 41016.97506771492 | 40927.344966501674 | 40837.71486528841 | 40748.084764075174 | 40658.45466286191 | 40580.02832430032 | 40445.58317248044 | 40311.13802066055 | 40176.69286884068 | 40042.2477170208 | 39907.80256520092 | 39773.35741338104 | 39638.912261561156 | 39504.46710974128 | 39370.0219579214 | 39235.57680610152 | 39101.13165428164 | 38966.686502461765 | 38832.24135064189 | 38697.796198822005
 |  | Guimarânia |  | 97599.97427697202 | 98503.77736806074 | 99407.58045914944 | 100311.38355023814 | 101215.18664132684 | 102108.23017180736 | 102893.67809620588 | 103679.12602060438 | 104464.57394500289 | 105250.02186940142 | 106024.71023319174 | 106648.76474846728 | 107272.8192637428 | 107896.87377901834 | 108520.92829429389 | 109166.5019307858 | 109618.40347633016 | 110070.3050218745 | 110522.20656741886 | 110974.10811296322 | 111404.49053729117 | 111856.39208283555 | 112308.29362837989 | 112760.19517392424 | 113212.09671946858 | 113663.99826501294 | 114115.8998105573 | 114567.80135610166 | 115019.702901646 | 115471.60444719036
 |  | Lagoa Formosa |  | 227207.00905492998 | 228181.70350176902 | 229156.3979486081 | 230131.09239544717 | 231105.7868422862 | 232069.01429563304 | 232630.89697675203 | 233192.779657871 | 233754.66233899 | 234316.545020109 | 234901.36168821238 | 235119.2345645647 | 235337.10744091697 | 235554.9803172692 | 235772.85319362147 | 236013.6600569582 | 235876.05613505148 | 235738.45221314474 | 235600.84829123813 | 235463.2443693314 | 235325.64044742472 | 235188.03652551802 | 235050.43260361135 | 234912.82868170465 | 234775.22475979794 | 234637.62083789127 | 234500.01691598454 | 234362.41299407787 | 234224.8090721712 | 234087.20515026446
 |  | Patos de Minas |  | 2440077.5035800934 | 2453193.309249923 | 2466309.1149197523 | 2479424.9205895816 | 2492540.726259411 | 2505642.3832715596 | 2518786.4862567494 | 2531930.5892419396 | 2545074.69222713 | 2558218.7952123205 | 2571334.6008821493 | 2580177.5119324657 | 2589020.422982782 | 2597863.334033098 | 2606706.2450834145 | 2615535.0074760504 | 2620869.051421602 | 2626203.0953671522 | 2631537.1393127036 | 2636871.183258254 | 2642191.078546124 | 2647525.1224916754 | 2652859.1664372263 | 2658193.2103827763 | 2663527.254328328 | 2668861.2982738786 | 2674195.342219429 | 2679529.3861649805 | 2684863.430110531 | 2690197.474056082
 |  | Presidente Olegário |  | 219157.1796233886 | 218572.36295528518 | 217987.54628718176 | 217402.7296190783 | 216817.91295097486 | 216210.16229588698 | 215189.59987507906 | 214169.03745427108 | 213148.47503346315 | 212127.91261265517 | 211095.88319835503 | 209696.90999230367 | 208297.9367862523 | 206898.96358020097 | 205499.9903741496 | 204078.08318111382 | 202564.4400401402 | 201050.79689916663 | 199537.15375819305 | 198023.51061721946 | 196532.8014632303 | 195019.1583222567 | 193505.51518128312 | 191991.87204030954 | 190478.22889933593 | 188964.58575836231 | 187450.94261738876 | 185937.29947641515 | 184423.65633544154 | 182910.01319446796
 |  | Rio Paranaíba |  | 177199.45043534035 | 178736.02756329838 | 180272.6046912564 | 181809.18181921446 | 183345.7589471725 | 184859.40208814607 | 186074.90339832183 | 187290.4047084976 | 188505.90601867338 | 189721.40732884916 | 190948.37563251707 | 191923.07007935617 | 192897.7645261952 | 193872.45897303429 | 194847.15341987333 | 195833.3148602046 | 196463.99950227694 | 197094.68414434927 | 197725.3687864216 | 198356.05342849393 | 198998.2050640585 | 199628.8897061308 | 200259.57434820317 | 200890.2589902755 | 201520.94363234783 | 202151.62827442016 | 202782.3129164925 | 203412.99755856482 | 204043.68220063715 | 204674.36684270948
 |  | Serra do Salitre |  | 144495.58499551695 | 145768.42127315383 | 147041.2575507907 | 148314.09382842763 | 149586.93010606448 | 150882.7003706858 | 151960.5977589549 | 153038.49514722396 | 154116.39253549304 | 155194.28992376212 | 156260.72031853898 | 157017.54188902574 | 157774.36345951256 | 158531.18502999932 | 159288.00660048614 | 160067.7621579574 | 160618.17784558417 | 161168.5935332109 | 161719.00922083764 | 162269.42490846445 | 162842.77458307566 | 163393.1902707024 | 163943.60595832916 | 164494.02164595595 | 165044.4373335827 | 165594.85302120942 | 166145.2687088362 | 166695.68439646295 | 167246.10008408976 | 167796.51577171648
 |  | TOTAL DE RECEITAS DE RPU |  | 3722535.032958998 | 3739825.6304044463 | 3757116.227849894 | 3774406.825295342 | 3791697.4227407905 | 3808974.0524997604 | 3823998.232407922 | 3839022.4123160834 | 3854046.5922242445 | 3869070.7721324065 | 3884067.3621580903 | 3892751.002097936 | 3901434.6420377814 | 3910118.281977626 | 3918801.9219174716 | 3927526.806839649 | 3931017.0997182275 | 3934507.392596805 | 3937997.6854753834 | 3941487.978353961 | 3944988.997889292 | 3948479.29076787 | 3951969.5836464483 | 3955459.8765250253 | 3958950.169403605 | 3962440.4622821826 | 3965930.75516076 | 3969421.048039338 | 3972911.340917916 | 3976401.633796494
 |  | Receitas com Energia
 |  | Energia gerada pela gaseificação | MWh | 0 | 0 | 0 | 0 | 0 | 0 | 0 | 0 | 0 | 0 | 0 | 0 | 0 | 0 | 0 | 0 | 0 | 0 | 0 | 0 | 0 | 0 | 0 | 0 | 0 | 0 | 0 | 0 | 0 | 0
 |  |  | 0 | 0 | 0 | 0 | 0 | 0 | 0 | 0 | 0 | 0 | 0 | 0 | 0 | 0 | 0 | 0 | 0 | 0 | 0 | 0 | 0 | 0 | 0 | 0 | 0 | 0 | 0 | 0 | 0 | 0 | 0
 |  | TOTAL DE RECEITAS ACESSÓRIAS |  | 0 | 0 | 0 | 0 | 0 | 0 | 0 | 0 | 0 | 0 | 0 | 0 | 0 | 0 | 0 | 0 | 0 | 0 | 0 | 0 | 0 | 0 | 0 | 0 | 0 | 0 | 0 | 0 | 0 | 0
 |  | Receita Não Operacional
 |  | Venda dos caminhões  |  | 0 | 0 | 0 | 0 | 0 | 0 | 0 | 0 | 7626241.893253908 | 6538645.634651275 | 0 | 0 | 0 | 0 | 0 | 0 | 7266058.959276527 | 0 | 0 | 1421444.7031850598 | 0 | 0 | 0 | 0 | 7266058.959276527 | 0 | 0 | 0 | 0 | 0
 |  | TOTAL DE RECEITAS |  | 46842759.78514718 | 50761512.530046195 | 52038491.03749633 | 52817372.272439964 | 53338155.55137114 | 53801359.90534435 | 54167699.01775513 | 54391131.30152222 | 62240805.478543244 | 61376641.50370769 | 55061353.6655902 | 55195316.26837397 | 55329278.871157736 | 55463241.47394148 | 55597204.07672524 | 55731893.8725691 | 63057117.04164091 | 55850222.29215968 | 55909386.50195497 | 57389995.41493533 | 56027567.160831645 | 56086731.37062694 | 56145895.58042224 | 56205059.79021753 | 63530282.95928936 | 56323388.20980812 | 56382552.41960341 | 56441716.6293987 | 56500880.83919401 | 56560045.04898929
[137 linhas]
