 | Tributos - Apuração pelo Lucro Real
 |  | APURAÇÃO  DO PIS, COFINS E ISS |  |  |  | 1 | 2 | 3 | 4 | 5 | 6 | 7 | 8 | 9 | 10 | 11 | 12 | 13 | 14 | 15 | 16 | 17 | 18 | 19 | 20 | 21 | 22 | 23 | 24 | 25 | 26 | 27 | 28 | 29 | 30
 |  |  |  | Base de cálculo PIS/COFINS |  | 46842759.78514718 | 50761512.530046195 | 52038491.03749633 | 52817372.272439964 | 53338155.55137114 | 53801359.90534435 | 54167699.01775513 | 54391131.30152222 | 62240805.478543244 | 61376641.50370769 | 55061353.6655902 | 55195316.26837397 | 55329278.871157736 | 55463241.47394148 | 55597204.07672524 | 55731893.8725691 | 63057117.04164091 | 55850222.29215968 | 55909386.50195497 | 57389995.41493533 | 56027567.160831645 | 56086731.37062694 | 56145895.58042224 | 56205059.79021753 | 63530282.95928936 | 56323388.20980812 | 56382552.41960341 | 56441716.6293987 | 56500880.83919401 | 56560045.04898929
 |  |  |  | PIS | 0.0165 | 772905.5364549286 | 837564.9567457623 | 858635.1021186895 | 871486.6424952594 | 880079.5665976239 | 887722.4384381819 | 893767.0337929596 | 897453.6664751166 | 1026973.2903959636 | 1012714.584811177 | 908512.3354822383 | 910722.7184281707 | 912933.1013741026 | 915143.4843200345 | 917353.8672659665 | 919576.2488973902 | 1040442.431187075 | 921528.6678206347 | 922504.8772822571 | 946934.9243464329 | 924454.8581537221 | 925431.0676153445 | 926407.277076967 | 927383.4865385893 | 1048249.6688282745 | 929335.905461834 | 930312.1149234562 | 931288.3243850786 | 932264.5338467011 | 933240.7433083233
 |  |  |  | COFINS | 0.076 | 3560049.743671186 | 3857874.952283511 | 3954925.318849721 | 4014120.292705437 | 4053699.8219042066 | 4088903.3528061705 | 4116745.12534939 | 4133725.9789156886 | 4730301.216369286 | 4664624.754281784 | 4184662.878584855 | 4194844.0363964215 | 4205025.194207988 | 4215206.352019552 | 4225387.5098311175 | 4235623.934315251 | 4792340.895164709 | 4244616.894204135 | 4249113.374148577 | 4361639.6515350845 | 4258095.104223205 | 4262591.584167647 | 4267088.06411209 | 4271584.544056533 | 4828301.504905991 | 4280577.503945417 | 4285073.983889859 | 4289570.463834302 | 4294066.943778745 | 4298563.423723185
 |  |  |  | ISS¹ |  | 1333163.0851536803 | 1338851.702426381 | 1344540.3196990814 | 1350228.9369717818 | 1355917.5542444817 | 1361617.092775582 | 1366259.749305146 | 1370902.40583471 | 1375545.0623642742 | 1380187.7188938386 | 1384829.3659672332 | 1387256.6941726154 | 1389684.0223779979 | 1392111.3505833806 | 1394538.6787887628 | 1396977.2295809265 | 1397545.940122149 | 1398114.6506633717 | 1398683.3612045941 | 1399252.071745817 | 1399824.3498354787 | 1400393.060376701 | 1400961.7709179237 | 1401530.481459146 | 1402099.192000369 | 1402667.9025415913 | 1403236.613082814 | 1403805.3236240363 | 1404374.034165259 | 1404942.7447064815
 |  |  |  | Arapuá | 0.03 | 17005.8158531204 | 16909.265043961885 | 16812.714234803367 | 16716.163425644852 | 16619.61261648633 | 16523.06180732781 | 16400.76411572702 | 16278.46642412623 | 16156.16873252544 | 16033.871040924649 | 15924.446790544995 | 15782.8389371125 | 15641.231083680004 | 15499.623230247513 | 15358.015376815016 | 15222.844243993097 | 15074.799669950029 | 14926.75509590697 | 14778.710521863906 | 14630.665947820844 | 14469.74793255665 | 14321.703358513589 | 14173.658784470525 | 14025.61421042746 | 13877.5696363844 | 13729.52506234134 | 13581.480488298277 | 13433.435914255215 | 13285.391340212156 | 13137.346766169092
 |  |  |  | Coromandel | 0.05 | 265666.8982892991 | 265816.42607604654 | 265965.9538627939 | 266115.4816495413 | 266265.0094362887 | 266432.12872735923 | 266036.3198800867 | 265640.5110328143 | 265244.7021855418 | 264848.89333826926 | 264453.0844909968 | 263687.85405293666 | 262922.6236148764 | 262157.39317681635 | 261392.16273875616 | 260609.34079637277 | 259509.87177617138 | 258410.40275597005 | 257310.93373576866 | 256211.46471556733 | 255120.7914475276 | 254021.32242732611 | 252921.85340712476 | 251822.38438692337 | 250722.91536672195 | 249623.4463465206 | 248523.9773263193 | 247424.50830611793 | 246325.0392859165 | 245225.57026571513
 |  |  |  | Cruzeiro da Fortaleza | 0.03 | 16619.580037797252 | 16637.813257805803 | 16656.04647781436 | 16674.279697822916 | 16692.51291783147 | 16719.8627478443 | 16715.304442842164 | 16710.746137840022 | 16706.187832837884 | 16701.629527835747 | 16687.95461282933 | 16651.488172812224 | 16615.021732795114 | 16578.555292778005 | 16542.0888527609 | 16510.180717745923 | 16455.481057720266 | 16400.7813976946 | 16346.081737668936 | 16291.382077643273 | 16236.682417617616 | 16181.982757591944 | 16127.283097566284 | 16072.583437540623 | 16017.883777514964 | 15963.1841174893 | 15908.484457463635 | 15853.784797437967 | 15799.085137412309 | 15744.385477386648
 |  |  |  | Guimarânia | 0.02 | 23031.029089171057 | 23244.30286752961 | 23457.576645888155 | 23670.850424246695 | 23884.12420260524 | 24094.859007411902 | 24280.204076699683 | 24465.54914598747 | 24650.89421527525 | 24836.23928456304 | 25019.04538029893 | 25166.305846308405 | 25313.56631231788 | 25460.826778327348 | 25608.087244336813 | 25760.42565745007 | 25867.062546629346 | 25973.699435808616 | 26080.336324987886 | 26186.973214167156 | 26288.532156242658 | 26395.169045421935 | 26501.805934601198 | 26608.442823780482 | 26715.07971295974 | 26821.71660213902 | 26928.353491318292 | 27034.990380497566 | 27141.62726967684 | 27248.26415885612
 |  |  |  | Lagoa Formosa | 0.02 | 86914.84187962173 | 87287.69751501933 | 87660.55315041689 | 88033.40878581449 | 88406.26442121212 | 88774.73351972265 | 88989.67382718716 | 89204.61413465161 | 89419.55444211612 | 89634.49474958063 | 89858.20813081917 | 89941.55233167276 | 90024.89653252634 | 90108.2407333799 | 90191.5849342335 | 90283.70220886113 | 90231.06376621677 | 90178.42532357242 | 90125.78688092802 | 90073.1484382837 | 90020.50999563931 | 89967.87155299493 | 89915.23311035057 | 89862.59466770622 | 89809.95622506185 | 89757.31778241748 | 89704.6793397731 | 89652.04089712875 | 89599.40245448439 | 89546.76401184
 |  |  |  | Patos de Minas | 0.02 | 762513.9789277941 | 766612.613152925 | 770711.2473780558 | 774809.8816031867 | 778908.5158283174 | 783002.728657305 | 787110.2056747231 | 791217.6826921408 | 795325.159709559 | 799432.636726977 | 803531.270952108 | 806294.6435418671 | 809058.0161316264 | 811821.3887213856 | 814584.7613111446 | 817343.7125047604 | 819010.578850903 | 820677.4451970458 | 822344.3115431885 | 824011.1778893312 | 825673.6228393305 | 827340.4891854731 | 829007.3555316161 | 830674.2218777586 | 832341.0882239016 | 834007.9545700442 | 835674.8209161869 | 837341.6872623295 | 839008.5536084723 | 840675.419954615
 |  |  |  | Presidente Olegário | 0.03 | 41832.05886468948 | 41720.43082983708 | 41608.80279498467 | 41497.174760132264 | 41385.54672527986 | 41269.54112043324 | 41074.73925569081 | 40879.93739094838 | 40685.13552620595 | 40490.33366146351 | 40293.34301172397 | 40026.311242077056 | 39759.27947243011 | 39492.247702783185 | 39225.21593313625 | 38953.806593495116 | 38664.886973877125 | 38375.96735425913 | 38087.04773464114 | 37798.12811502315 | 37513.58606539938 | 37224.6664457814 | 36935.746826163406 | 36646.827206545415 | 36357.90758692743 | 36068.98796730943 | 35780.06834769144 | 35491.14872807345 | 35202.22910845547 | 34913.30948883748
 |  |  |  | Rio Paranaíba | 0.03 | 66084.18841985361 | 66657.23451111489 | 67230.28060237617 | 67803.32669363743 | 68376.37278489869 | 68940.86594942471 | 69394.17106639259 | 69847.47618336044 | 70300.78130032832 | 70754.08641729619 | 71211.6679976317 | 71575.16738387951 | 71938.66677012733 | 72302.16615637514 | 72665.66554262296 | 73033.4413922384 | 73268.64687745756 | 73503.85236267676 | 73739.05784789594 | 73974.2633331151 | 74213.74528170191 | 74448.95076692107 | 74684.15625214028 | 74919.36173735942 | 75154.56722257863 | 75389.7727077978 | 75624.97819301698 | 75860.18367823614 | 76095.38916345533 | 76330.59464867452
 |  |  |  | Serra do Salitre | 0.03 | 53494.69379233371 | 53965.9191721408 | 54437.14455194787 | 54908.36993175496 | 55379.59531156203 | 55859.311238753035 | 56258.36696579687 | 56657.4226928407 | 57056.47841988454 | 57455.53414692837 | 57850.34460028026 | 58130.532663949336 | 58410.7207276184 | 58690.90879128748 | 58971.096854956566 | 59259.77546600954 | 59463.548603223426 | 59667.32174043729 | 59871.094877651165 | 60074.868014865046 | 60287.13169946282 | 60490.9048366767 | 60694.67797389059 | 60898.451111104456 | 61102.224248318314 | 61305.99738553219 | 61509.77052274607 | 61713.54365995994 | 61917.3167971738 | 62121.08993438766
 |  |  |  | Base de cálculo - Créditos de PIS/COFINS |  | 4028250.870769404 | 4028250.870769404 | 4028250.870769404 | 4028250.870769404 | 4028250.870769404 | 4028250.870769404 | 4028250.870769404 | 5231542.31769802 | 4994586.434526044 | 4994586.434526044 | 4994586.434526044 | 4994586.434526044 | 4994586.434526044 | 4994586.434526044 | 4994586.434526044 | 4994586.434526044 | 4994586.434526044 | 4994586.434526044 | 4994586.434526044 | 4994586.434526044 | 4994586.434526044 | 4994586.434526044 | 4994586.434526044 | 4994586.434526044 | 4994586.434526044 | 4994586.434526044 | 4994586.434526044 | 4994586.434526044 | 4994586.434526044 | 4994586.434526044
 |  |  |  | Despesa veículo coleta domiciliar |  | 3615856.3270134265 | 3615856.3270134265 | 3615856.3270134265 | 3615856.3270134265 | 3615856.3270134265 | 3615856.3270134265 | 3615856.3270134265 | 3615856.3270134265 | 3403158.8446508986 | 3403158.8446508986 | 3403158.8446508986 | 3403158.8446508986 | 3403158.8446508986 | 3403158.8446508986 | 3403158.8446508986 | 3403158.8446508986 | 3403158.8446508986 | 3403158.8446508986 | 3403158.8446508986 | 3403158.8446508986 | 3403158.8446508986 | 3403158.8446508986 | 3403158.8446508986 | 3403158.8446508986 | 3403158.8446508986 | 3403158.8446508986 | 3403158.8446508986 | 3403158.8446508986 | 3403158.8446508986 | 3403158.8446508986
 |  |  |  | Despesa veículo coleta rural |  | 412394.5437559774 | 412394.5437559774 | 412394.5437559774 | 412394.5437559774 | 412394.5437559774 | 412394.5437559774 | 412394.5437559774 | 412394.5437559774 | 388136.142946529 | 388136.142946529 | 388136.142946529 | 388136.142946529 | 388136.142946529 | 388136.142946529 | 388136.142946529 | 388136.142946529 | 388136.142946529 | 388136.142946529 | 388136.142946529 | 388136.142946529 | 388136.142946529 | 388136.142946529 | 388136.142946529 | 388136.142946529 | 388136.142946529 | 388136.142946529 | 388136.142946529 | 388136.142946529 | 388136.142946529 | 388136.142946529
 |  |  |  | Despesa veículo coleta seletiva |  | 0 | 0 | 0 | 0 | 0 | 0 | 0 | 1203291.446928616 | 1203291.446928616 | 1203291.446928616 | 1203291.446928616 | 1203291.446928616 | 1203291.446928616 | 1203291.446928616 | 1203291.446928616 | 1203291.446928616 | 1203291.446928616 | 1203291.446928616 | 1203291.446928616 | 1203291.446928616 | 1203291.446928616 | 1203291.446928616 | 1203291.446928616 | 1203291.446928616 | 1203291.446928616 | 1203291.446928616 | 1203291.446928616 | 1203291.446928616 | 1203291.446928616 | 1203291.446928616
 |  |  |  | PIS | 0.0165 | 66466.13936769517 | 66466.13936769517 | 66466.13936769517 | 66466.13936769517 | 66466.13936769517 | 66466.13936769517 | 66466.13936769517 | 86320.44824201733 | 82410.67616967973 | 82410.67616967973 | 82410.67616967973 | 82410.67616967973 | 82410.67616967973 | 82410.67616967973 | 82410.67616967973 | 82410.67616967973 | 82410.67616967973 | 82410.67616967973 | 82410.67616967973 | 82410.67616967973 | 82410.67616967973 | 82410.67616967973 | 82410.67616967973 | 82410.67616967973 | 82410.67616967973 | 82410.67616967973 | 82410.67616967973 | 82410.67616967973 | 82410.67616967973 | 82410.67616967973
 |  |  |  | COFINS | 0.076 | 306147.0661784747 | 306147.0661784747 | 306147.0661784747 | 306147.0661784747 | 306147.0661784747 | 306147.0661784747 | 306147.0661784747 | 397597.2161450495 | 379588.5690239793 | 379588.5690239793 | 379588.5690239793 | 379588.5690239793 | 379588.5690239793 | 379588.5690239793 | 379588.5690239793 | 379588.5690239793 | 379588.5690239793 | 379588.5690239793 | 379588.5690239793 | 379588.5690239793 | 379588.5690239793 | 379588.5690239793 | 379588.5690239793 | 379588.5690239793 | 379588.5690239793 | 379588.5690239793 | 379588.5690239793 | 379588.5690239793 | 379588.5690239793 | 379588.5690239793
 |  |  |  | Amortização do Ativo Intangível |  | 1493138.8165 | 1680747.3541720808 | 1768652.9946227835 | 1793261.7279543802 | 1735293.4577782939 | 1682385.441300767 | 1760449.1450007411 | 1704395.8248316343 | 2280340.084681421 | 2267666.0401959904 | 3075863.140948783 | 2971848.445361143 | 2871351.1549383025 | 2783709.605964828 | 2896352.771016742 | 2813364.9397456446 | 3713854.0192090427 | 3763594.9745512865 | 3636323.646909456 | 3636375.9087706646 | 4202288.366140739 | 4060181.9962712456 | 4327749.050817629 | 4541411.269384874 | 6722551.565251087 | 6524085.92762424 | 6303464.6643712465 | 6090304.023547098 | 5884351.7135720765 | 8034166.056465776
 |  | APURAÇÃO DO IMPOSTO DE RENDA E CSLL  - DESALAVANCADO |  |  |  | 1 | 2 | 3 | 4 | 5 | 6 | 7 | 8 | 9 | 10 | 11 | 12 | 13 | 14 | 15 | 16 | 17 | 18 | 19 | 20 | 21 | 22 | 23 | 24 | 25 | 26 | 27 | 28 | 29 | 30
 |  |  |  | Resultado antes do IR/CS |  | -12311241.910551513 | -1246399.929339617 | 3544628.7179405866 | 4242320.707609864 | 15879903.868089098 | 16609934.821359875 | 16851842.685450636 | 13899241.654359376 | 20909877.398857035 | 20018978.466072753 | 11895523.95396223 | 12178030.435298704 | 12389184.949980058 | 12581028.155593714 | 12429272.321203664 | 12778994.416613076 | 18470136.236605607 | 11924740.813379668 | 12111578.709549483 | 13297776.474618953 | 11624547.016167209 | 11842362.625481386 | 11609160.855018921 | 11455519.182642844 | 15735059.35573949 | 9578478.281089533 | 9857118.58194341 | 10121896.292332694 | 10373568.876757096 | 8128389.905910014
 |  |  |  | Imposto de Renda
 |  |  |  | Compensação de Prejuízos Fiscais |  | 0 | 0 | 1063388.615382176 | 1272696.2122829591 | 4763971.160426729 | 4982980.446407963 | 1762605.405391303 | 0 | 0 | 0 | 0 | 0 | 0 | 0 | 0 | 0 | 0 | 0 | 0 | 0 | 0 | 0 | 0 | 0 | 0 | 0 | 0 | 0 | 0 | 0
 |  |  |  | Base de Cálculo após compensações |  | -12311241.910551513 | -1246399.929339617 | 2481240.1025584107 | 2969624.4953269046 | 11115932.70766237 | 11626954.374951912 | 15089237.280059334 | 13899241.654359376 | 20909877.398857035 | 20018978.466072753 | 11895523.95396223 | 12178030.435298704 | 12389184.949980058 | 12581028.155593714 | 12429272.321203664 | 12778994.416613076 | 18470136.236605607 | 11924740.813379668 | 12111578.709549483 | 13297776.474618953 | 11624547.016167209 | 11842362.625481386 | 11609160.855018921 | 11455519.182642844 | 15735059.35573949 | 9578478.281089533 | 9857118.58194341 | 10121896.292332694 | 10373568.876757096 | 8128389.905910014
 |  |  |  | IRPJ Diferido - Prejuízos Fiscais |  | 0 | 3053810.477637878 | 3341410.4599727825 | 3099563.3061272386 | 2805389.2530564987 | 1638396.4629498164 | 416651.3513478257 | 0 | 0 | 0 | 0 | 0 | 0 | 0 | 0 | 0 | 0 | 0 | 0 | 0 | 0 | 0 | 0 | 0 | 0 | 0 | 0 | 0 | 0 | 0
 |  |  |  | Adições |  | 3053810.477637878 | 287599.98233490426 | 0 | 0 | 0 | 0 | 0 | 0 | 0 | 0 | 0 | 0 | 0 | 0 | 0 | 0 | 0 | 0 | 0 | 0 | 0 | 0 | 0 | 0 | 0 | 0 | 0 | 0 | 0 | 0
 |  |  |  | Baixas |  | 0 | 0 | -241847.15384554397 | -294174.0530707398 | -1166992.7901066823 | -1221745.1116019906 | -416651.3513478257 | 0 | 0 | 0 | 0 | 0 | 0 | 0 | 0 | 0 | 0 | 0 | 0 | 0 | 0 | 0 | 0 | 0 | 0 | 0 | 0 | 0 | 0 | 0
 |  |  |  | Máxima Economia de IRPJ Permitida por Lei |  | 0 | 0 | 241847.15384554397 | 294174.0530707398 | 1166992.7901066823 | 1221745.1116019906 | 1239888.2014087976 | 1018443.1240769532 | 1544240.8049142775 | 1477423.3849554565 | 868164.2965471671 | 889352.2826474027 | 905188.8712485041 | 919577.1116695285 | 908195.4240902746 | 934424.5812459807 | 1361260.2177454205 | 870355.5610034751 | 884368.4032162112 | 973333.2355964214 | 847841.0262125406 | 864177.1969111039 | 846687.064126419 | 835163.9386982132 | 1156129.4516804616 | 694385.871081715 | 715283.8936457557 | 735142.221924952 | 754017.6657567822 | 585629.242943251
 |  |  |  | Apuração IRPJ
 |  |  |  | Provisão IRPJ |  | 0 | 0 | -862157.1794851467 | -1036580.176902466 | -3945975.9670222746 | -4128483.705339969 | -4188960.671362659 | -3450810.413589844 | -5203469.349714259 | -4980744.616518188 | -2949880.9884905573 | -3020507.608824676 | -3073296.2374950144 | -3121257.0388984284 | -3083318.080300916 | -3170748.604153269 | -4593534.059151402 | -2957185.203344917 | -3003894.6773873707 | -3300444.118654738 | -2882136.754041802 | -2936590.6563703464 | -2878290.2137547303 | -2839879.795660711 | -3909764.8389348723 | -2370619.5702723833 | -2440279.6454858524 | -2506474.0730831735 | -2569392.219189274 | -2008097.4764775035
 |  |  |  | Provisão IRPJ após compensação  |  | 0 | 0 | -596310.0256396027 | -718406.1238317261 | -2754983.1769155925 | -2882738.593737978 | -3748309.3200148335 | -3450810.413589844 | -5203469.349714259 | -4980744.616518188 | -2949880.9884905573 | -3020507.608824676 | -3073296.2374950144 | -3121257.0388984284 | -3083318.080300916 | -3170748.604153269 | -4593534.059151402 | -2957185.203344917 | -3003894.6773873707 | -3300444.118654738 | -2882136.754041802 | -2936590.6563703464 | -2878290.2137547303 | -2839879.795660711 | -3909764.8389348723 | -2370619.5702723833 | -2440279.6454858524 | -2506474.0730831735 | -2569392.219189274 | -2008097.4764775035
 |  |  |  | IRPJ Diferido - Prejuízos Fiscais |  | 3053810.477637878 | 287599.98233490426 | -241847.15384554397 | -294174.0530707398 | -1166992.7901066823 | -1221745.1116019906 | -416651.3513478257 | 0 | 0 | 0 | 0 | 0 | 0 | 0 | 0 | 0 | 0 | 0 | 0 | 0 | 0 | 0 | 0 | 0 | 0 | 0 | 0 | 0 | 0 | 0
 |  |  |  | CSLL | 0.09
 |  |  |  | Compensação de Prejuízos Fiscais |  | 0 | 0 | 1063388.615382176 | 1272696.2122829594 | 4763971.160426729 | 4982980.446407963 | 1474605.405391302 | 0 | 0 | 0 | 0 | 0 | 0 | 0 | 0 | 0 | 0 | 0 | 0 | 0 | 0 | 0 | 0 | 0 | 0 | 0 | 0 | 0 | 0 | 0
 |  |  |  | Base de Cálculo após compensações |  | -12311241.910551513 | -1246399.929339617 | 2481240.1025584107 | 2969624.4953269046 | 11115932.70766237 | 11626954.374951912 | 15377237.280059334 | 13899241.654359376 | 20909877.398857035 | 20018978.466072753 | 11895523.95396223 | 12178030.435298704 | 12389184.949980058 | 12581028.155593714 | 12429272.321203664 | 12778994.416613076 | 18470136.236605607 | 11924740.813379668 | 12111578.709549483 | 13297776.474618953 | 11624547.016167209 | 11842362.625481386 | 11609160.855018921 | 11455519.182642844 | 15735059.35573949 | 9578478.281089533 | 9857118.58194341 | 10121896.292332694 | 10373568.876757096 | 8128389.905910014
 |  |  |  | CSLL Diferido - Prejuízos Fiscais |  | 0 | 1108011.771949636 | 1220187.7655902016 | 1124482.7902058058 | 1009940.1311003395 | 581182.7266619338 | 132714.48648521717 | 0 | 0 | 0 | 0 | 0 | 0 | 0 | 0 | 0 | 0 | 0 | 0 | 0 | 0 | 0 | 0 | 0 | 0 | 0 | 0 | 0 | 0 | 0
 |  |  |  | Adições |  | 1108011.771949636 | 112175.99364056553 | 0 | 0 | 0 | 0 | 0 | 0 | 0 | 0 | 0 | 0 | 0 | 0 | 0 | 0 | 0 | 0 | 0 | 0 | 0 | 0 | 0 | 0 | 0 | 0 | 0 | 0 | 0 | 0
 |  |  |  | Baixas |  | 0 | 0 | -95704.97538439583 | -114542.65910546633 | -428757.40443840565 | -448468.24017671664 | -132714.48648521717 | 0 | 0 | 0 | 0 | 0 | 0 | 0 | 0 | 0 | 0 | 0 | 0 | 0 | 0 | 0 | 0 | 0 | 0 | 0 | 0 | 0 | 0 | 0
 |  |  |  | Apuração CSLL
 |  |  |  | Provisão CSLL |  | 0 | 0 | -319016.5846146528 | -381808.86368488776 | -1429191.348128019 | -1494894.1339223888 | -1516665.841690557 | -1250931.7488923438 | -1881888.965897133 | -1801708.0619465478 | -1070597.1558566005 | -1096022.7391768834 | -1115026.6454982052 | -1132292.5340034342 | -1118634.5089083298 | -1150109.4974951767 | -1662312.2612945046 | -1073226.67320417 | -1090042.0838594534 | -1196799.8827157058 | -1046209.2314550488 | -1065812.6362933246 | -1044824.4769517028 | -1030996.7264378559 | -1416155.342016554 | -862063.045298058 | -887140.6723749068 | -910970.6663099424 | -933621.1989081387 | -731555.0915319013
 |  |  |  | Provisão CSLL após compensação  |  | 0 | 0 | -223311.60923025696 | -267266.2045794214 | -1000433.9436896133 | -1046425.8937456721 | -1383951.35520534 | -1250931.7488923438 | -1881888.965897133 | -1801708.0619465478 | -1070597.1558566005 | -1096022.7391768834 | -1115026.6454982052 | -1132292.5340034342 | -1118634.5089083298 | -1150109.4974951767 | -1662312.2612945046 | -1073226.67320417 | -1090042.0838594534 | -1196799.8827157058 | -1046209.2314550488 | -1065812.6362933246 | -1044824.4769517028 | -1030996.7264378559 | -1416155.342016554 | -862063.045298058 | -887140.6723749068 | -910970.6663099424 | -933621.1989081387 | -731555.0915319013
 |  |  |  | CSLL Diferido - Prejuízos Fiscais |  | 1108011.771949636 | 112175.99364056553 | -95704.97538439583 | -114542.65910546633 | -428757.40443840565 | -448468.24017671664 | -132714.48648521717 | 0 | 0 | 0 | 0 | 0 | 0 | 0 | 0 | 0 | 0 | 0 | 0 | 0 | 0 | 0 | 0 | 0 | 0 | 0 | 0 | 0 | 0 | 0
 |  |  |  | Somatório dos impostos LR |  | 5293505.159733626 | 5661678.405909484 | 6605109.169991182 | 6848894.995037457 | 9672500.857805347 | 9894794.165957414 | 11136419.378121499 | 10619906.549320634 | 13756178.639547259 | 13377980.491257878 | 10036483.479187824 | 10147354.55180511 | 10233965.95575965 | 10314011.51463117 | 10277233.399901435 | 10411036.269248355 | 13024176.34172618 | 10132672.84404357 | 10202239.128688592 | 10743071.40380412 | 10048721.052515598 | 10128819.759629706 | 10055572.557619756 | 10009375.788959177 | 12142571.3014924 | 9383264.682325626 | 9484043.78456323 | 9580109.606042875 | 9671719.68469446 | 8914400.234553736
 |  | APURAÇÃO DO IMPOSTO DE RENDA E CSLL  - ALAVANCADO |  |  |  | 0 | 0 | 0 | 0 | 0 | 0 | 0 | 0 | 0 | 0 | 0 | 0 | 0 | 0 | 0 | 0 | 0 | 0 | 0 | 0 | 0 | 0 | 0 | 0 | 0 | 0 | 0 | 0 | 0 | 0
 |  |  |  | Resultado antes do IR/CS |  | -12732307.056804512 | -5432931.452547183 | 3544628.7179405866 | 3939506.516358664 | 15879903.868089098 | 16051220.550958373 | 16305022.736403767 | 11237425.50680925 | 18521073.827432886 | 17224240.15578681 | 9766476.45026128 | 10188731.52385731 | 10546958.092736505 | 10893580.834470566 | 10051837.927667802 | 10674147.827166982 | 16583561.928341312 | 10267906.544988446 | 10696555.062311817 | 12137268.557060946 | 11001584.216613196 | 11178779.753345387 | 12063944.98744395 | 11073718.83493099 | 15406237.054167394 | 9309988.079303106 | 9652166.53355445 | 9983858.820951693 | 10306001.829471435 | 8485064.196848543
 |  |  |  | Imposto de Renda
 |  |  |  | Compensação de Prejuízos Fiscais |  | 0 | 0 | 1130588.615382176 | 1249051.9549075991 | 4831171.160426729 | 4882566.165287511 | 4958706.82092113 | 1497153.792426548 | 0 | 0 | 0 | 0 | 0 | 0 | 0 | 0 | 0 | 0 | 0 | 0 | 0 | 0 | 0 | 0 | 0 | 0 | 0 | 0 | 0 | 0
 |  |  |  | Base de Cálculo após compensações |  | -12732307.056804512 | -5432931.452547183 | 2414040.1025584107 | 2690454.5614510644 | 11048732.70766237 | 11168654.385670861 | 11346315.915482637 | 9740271.7143827 | 18521073.827432886 | 17224240.15578681 | 9766476.45026128 | 10188731.52385731 | 10546958.092736505 | 10893580.834470566 | 10051837.927667802 | 10674147.827166982 | 16583561.928341312 | 10267906.544988446 | 10696555.062311817 | 12137268.557060946 | 11001584.216613196 | 11178779.753345387 | 12063944.98744395 | 11073718.83493099 | 15406237.054167394 | 9309988.079303106 | 9652166.53355445 | 9983858.820951693 | 10306001.829471435 | 8485064.196848543
 |  |  |  | IRPJ Diferido - Prejuízos Fiscais |  | 0 | 3159076.764201128 | 4493309.627337923 | 4234662.473492379 | 3946399.4847654793 | 2762606.6946587972 | 1565965.1533369194 | 350288.448106637 | 0 | 0 | 0 | 0 | 0 | 0 | 0 | 0 | 0 | 0 | 0 | 0 | 0 | 0 | 0 | 0 | 0 | 0 | 0 | 0 | 0 | 0
 |  |  |  | Adições |  | 3159076.764201128 | 1334232.8631367958 | 0 | 0 | 0 | 0 | 0 | 0 | 0 | 0 | 0 | 0 | 0 | 0 | 0 | 0 | 0 | 0 | 0 | 0 | 0 | 0 | 0 | 0 | 0 | 0 | 0 | 0 | 0 | 0
 |  |  |  | Baixas |  | 0 | 0 | -258647.15384554397 | -288262.9887268998 | -1183792.7901066823 | -1196641.5413218779 | -1215676.7052302824 | -350288.448106637 | 0 | 0 | 0 | 0 | 0 | 0 | 0 | 0 | 0 | 0 | 0 | 0 | 0 | 0 | 0 | 0 | 0 | 0 | 0 | 0 | 0 | 0
 |  |  |  | Apuração IRPJ
 |  |  |  | Provisão IRPJ |  | 0 | 0 | -862157.1794851467 | -960876.629089666 | -3945975.9670222746 | -3988805.137739593 | -4052255.6841009418 | -2785356.3767023124 | -4606268.456858221 | -4282060.038946702 | -2417619.11256532 | -2523182.8809643276 | -2612739.5231841262 | -2699395.2086176416 | -2488959.4819169505 | -2644536.9567917455 | -4121890.482085328 | -2542976.6362471115 | -2650138.7655779542 | -3010317.1392652364 | -2726396.054153299 | -2770694.9383363468 | -2991986.2468609875 | -2744429.7087327475 | -3827559.2635418484 | -2303497.0198257766 | -2389041.6333886124 | -2471964.705237923 | -2552500.457367859 | -2097266.049212136
 |  |  |  | Provisão IRPJ após compensação  |  | 0 | 0 | -579510.0256396027 | -648613.6403627661 | -2738183.1769155925 | -2768163.5964177153 | -2812578.978870659 | -2411067.928595675 | -4606268.456858221 | -4282060.038946702 | -2417619.11256532 | -2523182.8809643276 | -2612739.5231841262 | -2699395.2086176416 | -2488959.4819169505 | -2644536.9567917455 | -4121890.482085328 | -2542976.6362471115 | -2650138.7655779542 | -3010317.1392652364 | -2726396.054153299 | -2770694.9383363468 | -2991986.2468609875 | -2744429.7087327475 | -3827559.2635418484 | -2303497.0198257766 | -2389041.6333886124 | -2471964.705237923 | -2552500.457367859 | -2097266.049212136
 |  |  |  | IRPJ Diferido - Prejuízos Fiscais |  | 3159076.764201128 | 1334232.8631367958 | -258647.15384554397 | -288262.9887268998 | -1183792.7901066823 | -1196641.5413218779 | -1215676.7052302824 | -350288.448106637 | 0 | 0 | 0 | 0 | 0 | 0 | 0 | 0 | 0 | 0 | 0 | 0 | 0 | 0 | 0 | 0 | 0 | 0 | 0 | 0 | 0 | 0
 |  |  |  | CSLL | 0.09
 |  |  |  | Compensação de Prejuízos Fiscais |  | 0 | 0 | 1063388.615382176 | 1181851.9549075991 | 4763971.160426729 | 4815366.165287511 | 4891506.82092113 | 1449153.7924265482 | 0 | 0 | 0 | 0 | 0 | 0 | 0 | 0 | 0 | 0 | 0 | 0 | 0 | 0 | 0 | 0 | 0 | 0 | 0 | 0 | 0 | 0
 |  |  |  | Base de Cálculo após compensações |  | -12311241.910551513 | -1246399.929339617 | 2481240.1025584107 | 3060468.752702265 | 11115932.70766237 | 11794568.656072363 | 11960335.864529505 | 12450087.861932827 | 20909877.398857035 | 20018978.466072753 | 11895523.95396223 | 12178030.435298704 | 12389184.949980058 | 12581028.155593714 | 12429272.321203664 | 12778994.416613076 | 18470136.236605607 | 11924740.813379668 | 12111578.709549483 | 13297776.474618953 | 11624547.016167209 | 11842362.625481386 | 11609160.855018921 | 11455519.182642844 | 15735059.35573949 | 9578478.281089533 | 9857118.58194341 | 10121896.292332694 | 10373568.876757096 | 8128389.905910014
 |  |  |  | CSLL Diferido - Prejuízos Fiscais |  | 0 | 1145907.635112406 | 1634871.4658416524 | 1539166.4904572566 | 1432799.8145155727 | 1004042.4100771671 | 570659.455201291 | 130423.84131838934 | 0 | 0 | 0 | 0 | 0 | 0 | 0 | 0 | 0 | 0 | 0 | 0 | 0 | 0 | 0 | 0 | 0 | 0 | 0 | 0 | 0 | 0
 |  |  |  | Adições |  | 1145907.635112406 | 488963.8307292465 | 0 | 0 | 0 | 0 | 0 | 0 | 0 | 0 | 0 | 0 | 0 | 0 | 0 | 0 | 0 | 0 | 0 | 0 | 0 | 0 | 0 | 0 | 0 | 0 | 0 | 0 | 0 | 0
 |  |  |  | Baixas |  | 0 | 0 | -95704.97538439583 | -106366.67594168392 | -428757.40443840565 | -433382.954875876 | -440235.61388290167 | -130423.84131838934 | 0 | 0 | 0 | 0 | 0 | 0 | 0 | 0 | 0 | 0 | 0 | 0 | 0 | 0 | 0 | 0 | 0 | 0 | 0 | 0 | 0 | 0
 |  |  |  | Apuração CSLL
 |  |  |  | Provisão CSLL |  | 0 | 0 | -319016.5846146528 | -354555.58647227974 | -1429191.348128019 | -1444609.8495862535 | -1467452.0462763389 | -1011368.2956128324 | -1666896.6444689597 | -1550181.6140208128 | -878982.8805235152 | -916985.8371471579 | -949226.2283462854 | -980422.275102351 | -904665.4134901022 | -960673.3044450283 | -1492520.5735507181 | -924111.5890489601 | -962689.9556080635 | -1092354.170135485 | -990142.5794951876 | -1006090.1778010848 | -1085755.0488699554 | -996634.695143789 | -1386561.3348750654 | -837898.9271372795 | -868694.9880199004 | -898547.2938856523 | -927540.1646524292 | -763655.7777163689
 |  |  |  | Provisão CSLL após compensação  |  | 0 | 0 | -223311.60923025696 | -275442.18774320383 | -1000433.9436896133 | -1061511.1790465126 | -1076430.2278076555 | -1120507.9075739544 | -1881888.965897133 | -1801708.0619465478 | -1070597.1558566005 | -1096022.7391768834 | -1115026.6454982052 | -1132292.5340034342 | -1118634.5089083298 | -1150109.4974951767 | -1662312.2612945046 | -1073226.67320417 | -1090042.0838594534 | -1196799.8827157058 | -1046209.2314550488 | -1065812.6362933246 | -1044824.4769517028 | -1030996.7264378559 | -1416155.342016554 | -862063.045298058 | -887140.6723749068 | -910970.6663099424 | -933621.1989081387 | -731555.0915319013
 |  |  |  | CSLL Diferido - Prejuízos Fiscais |  | 1145907.635112406 | 488963.8307292465 | -95704.97538439583 | -106366.67594168392 | -428757.40443840565 | -433382.954875876 | -440235.61388290167 | -130423.84131838934 | 0 | 0 | 0 | 0 | 0 | 0 | 0 | 0 | 0 | 0 | 0 | 0 | 0 | 0 | 0 | 0 | 0 | 0 | 0 | 0 | 0 | 0
 |  |  |  | Somatório dos impostos LR |  | 5293505.159733626 | 5661678.405909484 | 6588309.169991182 | 6787278.494732278 | 9655700.857805347 | 9795304.453937992 | 9893167.90957964 | 9449740.223008078 | 13158977.746691221 | 12679295.913686393 | 9504221.603262588 | 9650029.82394476 | 9773409.241448762 | 9892149.684350384 | 9682874.80151747 | 9884824.62188683 | 12552532.764660107 | 9718464.276945764 | 9848483.216879178 | 10452944.424414618 | 9892980.352627095 | 9962924.041595703 | 10169268.590726012 | 9913925.702031212 | 12060365.726099377 | 9316142.131879019 | 9432805.77246599 | 9545600.238197623 | 9654827.922873044 | 9003568.807288367
 |  | ¹ A alíquota (ISSQN) varia conforme o município. Fonte de dados alíquotas por município:
 |  | Arapuá -  Lei Complementar N° 007/2018 - Anexo I - item 7.09 - Arapuá/MG.
 |  | Coromandel -  Lei Complementar N° 124/2013, artigo 240, 7.09 e artigo 286, I. - Coromandel/MG.
 |  | Cruzeiro da Fortaleza -  Lei Complementar N° 1.057/2013 - Anexo II, 7.09, artigo 127, b.  - Cruzeiro da Fortaleza.
 |  | Guimarânia -  Lei N° 1.376/2017, Tabela 1, item 7.09 - Guimarânia.
 |  | Lagamar - Lei N° 1.418/2017, Lista de Serviços, Item 7.09 - Lagamar/MG.
 |  | Lagoa Formosa - Lei N° 2/97 - Artigo 167, Tabela II,  Lagoa Formosa/MG.
 |  | Patos de Minas -   item 7.10 - Anexo I - Lei Complementar N° 204, de 22 de dezembro de 2003 - Patos de Minas/MG.
 |  | Presidente Olegário - Lei Complementar N° 67, de 4/12/2017, Anexo II - Lista de Serviços, item 7.09. Presidente Olegário/MG.
 |  | Rio Paranaíba - Lei Complementar N° 83/2018. Tabela II - item 7.9. Rio Paranaíba/MG.
 |  | São Gonçalo do Abaeté - Lei Complementar n° 1830/2021. Anexo I, Tabela I, Lei Complementar n° 1830/2021.
 |  | São Gotardo - Lei n° 1.369/1998 - Tabela II - Item 12 - São Gotardo/MG.
 |  | Serra do Salitre - Lei Complementar N° 937/2017, de 26/12/2017, Tabela I item 7.9 Serra do Salitre/MG.
 |  | Tiros - Lei Complementar n° 1210/2009, art. 128. Anexo I, art. 135, Lei Complementar n° 1.210/2009.
[83 linhas]
