 |  | DEMONSTRATIVO DOS TRIBUTOS
 |  | APURAÇÃO  DO PIS, COFINS E ISS |  |  |  | 1 | 2 | 3 | 4 | 5 | 6 | 7 | 8 | 9 | 10 | 11 | 12 | 13 | 14 | 15 | 16 | 17 | 18 | 19 | 20 | 21 | 22 | 23 | 24 | 25 | 26 | 27 | 28 | 29 | 30
 |  |  |  | Base de cálculo PIS/COFINS |  | 3722535.032958998 | 3739825.6304044467 | 3757116.2278498937 | 3774406.8252953417 | 3791697.42274079 | 3808974.0524997604 | 3823998.2324079215 | 3839022.4123160834 | 3854046.5922242445 | 3869070.7721324065 | 3884067.3621580903 | 3892751.002097936 | 3901434.6420377805 | 3910118.2819776256 | 3918801.9219174725 | 3927526.8068396486 | 3931017.099718227 | 3934507.3925968045 | 3937997.6854753834 | 3941487.978353961 | 3944988.9978892915 | 3948479.2907678704 | 3951969.583646448 | 3955459.8765250263 | 3958950.1694036038 | 3962440.462282182 | 3965930.75516076 | 3969421.0480393386 | 3972911.340917916 | 3976401.6337964945
 |  |  |  | PIS | 0.0065 | 24196.477714233486 | 24308.8665976289 | 24421.25548102431 | 24533.64436441972 | 24646.033247815136 | 24758.331341248442 | 24855.98851065149 | 24953.645680054542 | 25051.30284945759 | 25148.960018860642 | 25246.437854027587 | 25302.88151363658 | 25359.325173245572 | 25415.768832854566 | 25472.212492463572 | 25528.924244457714 | 25551.611148168475 | 25574.29805187923 | 25596.984955589993 | 25619.671859300746 | 25642.428486280394 | 25665.115389991155 | 25687.80229370191 | 25710.48919741267 | 25733.176101123423 | 25755.863004834184 | 25778.54990854494 | 25801.236812255698 | 25823.92371596645 | 25846.610619677213
 |  |  |  | COFINS | 0.03 | 111676.05098876993 | 112194.7689121334 | 112713.4868354968 | 113232.20475886024 | 113750.9226822237 | 114269.22157499281 | 114719.94697223764 | 115170.6723694825 | 115621.39776672733 | 116072.1231639722 | 116522.0208647427 | 116782.53006293807 | 117043.03926113341 | 117303.54845932877 | 117564.05765752417 | 117825.80420518946 | 117930.51299154681 | 118035.22177790414 | 118139.93056426149 | 118244.63935061882 | 118349.66993667874 | 118454.3787230361 | 118559.08750939343 | 118663.79629575078 | 118768.50508210811 | 118873.21386846546 | 118977.9226548228 | 119082.63144118016 | 119187.34022753748 | 119292.04901389482
 |  |  |  | Arapuá | 0.03 | 888.0102277703045 | 882.968534577059 | 877.9268413838137 | 872.8851481905682 | 867.8434549973224 | 862.8017618040772 | 856.4156170926327 | 850.0294723811886 | 843.6433276697442 | 837.2571829583 | 831.543264005955 | 824.1487806558616 | 816.7542973057683 | 809.3598139556749 | 801.9653306055816 | 794.9069601350379 | 787.1763639053949 | 779.4457676757518 | 771.7151714461087 | 763.9845752164656 | 755.5817532277232 | 747.85115699808 | 740.1205607684369 | 732.389964538794 | 724.6593683091508 | 716.9287720795078 | 709.1981758498647 | 701.4675796202215 | 693.7369833905785 | 686.0063871609354
 |  |  |  | Coromandel | 0.05 | 17317.453571956965 | 17327.200516425357 | 17336.947460893745 | 17346.694405362137 | 17356.44134983053 | 17367.33499364814 | 17341.534258290634 | 17315.733522933133 | 17289.932787575624 | 17264.13205221812 | 17238.33131686062 | 17188.449895169444 | 17138.568473478266 | 17088.68705178709 | 17038.805630095918 | 16987.77750905552 | 16916.108799729114 | 16844.440090402717 | 16772.771381076316 | 16701.102671749915 | 16630.007312098125 | 16558.33860277172 | 16486.669893445323 | 16415.001184118923 | 16343.33247479252 | 16271.663765466117 | 16199.995056139716 | 16128.326346813317 | 16056.657637486916 | 15984.988928160514
 |  |  |  | Cruzeiro da Fortaleza | 0.03 | 1225.4675588382022 | 1226.8120103564008 | 1228.1564618745997 | 1229.5009133927988 | 1230.8453649109974 | 1232.8620421882956 | 1232.5259293087458 | 1232.189816429196 | 1231.8537035496465 | 1231.5175906700968 | 1230.5092520314477 | 1227.8203489950502 | 1225.1314459586524 | 1222.4425429222551 | 1219.7536398858572 | 1217.4008497290097 | 1213.367495174413 | 1209.3341406198165 | 1205.3007860652203 | 1201.267431510624 | 1197.2340769560274 | 1193.2007224014312 | 1189.1673678468346 | 1185.1340132922383 | 1181.100658737642 | 1177.0673041830455 | 1173.0339496284491 | 1169.000595073853 | 1164.9672405192566 | 1160.93388596466
 |  |  |  | Guimarânia | 0.02 | 1951.9994855394405 | 1970.0755473612148 | 1988.1516091829888 | 2006.227671004763 | 2024.3037328265368 | 2042.1646034361472 | 2057.873561924118 | 2073.5825204120874 | 2089.291478900058 | 2105.0004373880283 | 2120.494204663835 | 2132.9752949693457 | 2145.456385274856 | 2157.937475580367 | 2170.418565885878 | 2183.330038615716 | 2192.3680695266034 | 2201.4061004374903 | 2210.444131348377 | 2219.4821622592644 | 2228.0898107458233 | 2237.127841656711 | 2246.165872567598 | 2255.203903478485 | 2264.2419343893716 | 2273.279965300259 | 2282.317996211146 | 2291.356027122033 | 2300.39405803292 | 2309.4320889438072
 |  |  |  | Lagoa Formosa | 0.02 | 4544.1401810986 | 4563.63407003538 | 4583.127958972162 | 4602.621847908943 | 4622.115736845724 | 4641.380285912661 | 4652.617939535041 | 4663.85559315742 | 4675.0932467798 | 4686.33090040218 | 4698.027233764247 | 4702.384691291294 | 4706.742148818339 | 4711.099606345384 | 4715.45706387243 | 4720.2732011391645 | 4717.5211227010295 | 4714.769044262895 | 4712.016965824762 | 4709.264887386628 | 4706.512808948494 | 4703.76073051036 | 4701.008652072227 | 4698.256573634093 | 4695.504495195959 | 4692.752416757826 | 4690.000338319691 | 4687.248259881558 | 4684.496181443424 | 4681.74410300529
 |  |  |  | Patos de Minas | 0.02 | 48801.550071601865 | 49063.866184998464 | 49326.18229839505 | 49588.49841179163 | 49850.814525188216 | 50112.847665431196 | 50375.72972513499 | 50638.611784838795 | 50901.493844542594 | 51164.37590424641 | 51426.692017642985 | 51603.55023864932 | 51780.40845965564 | 51957.26668066196 | 52134.12490166829 | 52310.700149521006 | 52417.381028432035 | 52524.06190734304 | 52630.74278625407 | 52737.423665165086 | 52843.82157092248 | 52950.50244983351 | 53057.183328744526 | 53163.864207655526 | 53270.54508656656 | 53377.22596547758 | 53483.906844388584 | 53590.58772329961 | 53697.26860221062 | 53803.949481121635
 |  |  |  | Presidente Olegário | 0.03 | 6574.7153887016575 | 6557.170888658555 | 6539.626388615453 | 6522.081888572349 | 6504.537388529246 | 6486.304868876609 | 6455.687996252372 | 6425.071123628132 | 6394.454251003895 | 6363.837378379655 | 6332.876495950651 | 6290.90729976911 | 6248.938103587569 | 6206.968907406029 | 6164.999711224488 | 6122.342495433414 | 6076.933201204206 | 6031.523906974999 | 5986.114612745791 | 5940.705318516584 | 5895.9840438969095 | 5850.5747496677 | 5805.165455438493 | 5759.756161209286 | 5714.346866980078 | 5668.93757275087 | 5623.528278521662 | 5578.118984292454 | 5532.709690063246 | 5487.300395834039
 |  |  |  | Rio Paranaíba | 0.03 | 5315.9835130602105 | 5362.080826898951 | 5408.178140737691 | 5454.275454576434 | 5500.3727684151745 | 5545.782062644382 | 5582.247101949654 | 5618.712141254928 | 5655.177180560201 | 5691.6422198654745 | 5728.451268975512 | 5757.692102380684 | 5786.932935785856 | 5816.173769191028 | 5845.4146025962 | 5874.999445806138 | 5893.919985068308 | 5912.840524330478 | 5931.761063592648 | 5950.681602854818 | 5969.946151921755 | 5988.866691183924 | 6007.787230446095 | 6026.707769708265 | 6045.628308970435 | 6064.5488482326045 | 6083.469387494774 | 6102.389926756944 | 6121.310466019115 | 6140.2310052812845
 |  |  |  | Serra do Salitre | 0.03 | 4334.867549865508 | 4373.052638194615 | 4411.237726523721 | 4449.422814852829 | 4487.6079031819345 | 4526.481011120574 | 4558.817932768647 | 4591.154854416719 | 4623.491776064791 | 4655.828697712864 | 4687.821609556169 | 4710.526256670772 | 4733.2309037853765 | 4755.93555089998 | 4778.640198014584 | 4802.032864738721 | 4818.545335367525 | 4835.057805996326 | 4851.570276625129 | 4868.082747253933 | 4885.28323749227 | 4901.7957081210725 | 4918.308178749875 | 4934.820649378678 | 4951.333120007481 | 4967.845590636282 | 4984.358061265086 | 5000.870531893888 | 5017.383002522693 | 5033.895473151494
 |  |  |  | ISS¹ |  | 90954.18754843276 | 91326.861217506 | 91699.5348865792 | 92072.20855565247 | 92444.88222472569 | 92817.95929506209 | 93113.45006225684 | 93408.9408294516 | 93704.43159664635 | 93999.92236384112 | 94294.74666345141 | 94438.45490855086 | 94582.16315365031 | 94725.87139874976 | 94869.57964384923 | 95013.76351417373 | 95033.32140110862 | 95052.8792880435 | 95072.43717497843 | 95091.99506191333 | 95112.46076620961 | 95132.01865314452 | 95151.57654007942 | 95171.13442701427 | 95190.6923139492 | 95210.2502008841 | 95229.80808781898 | 95249.36597475389 | 95268.92386168877 | 95288.48174862366
 |  | APURAÇÃO DO IMPOSTO DE RENDA E CSLL  |  |  |  | 1 | 2 | 3 | 4 | 5 | 6 | 7 | 8 | 9 | 10 | 11 | 12 | 13 | 14 | 15 | 16 | 17 | 18 | 19 | 20 | 21 | 22 | 23 | 24 | 25 | 26 | 27 | 28 | 29 | 30
 |  |  |  | Base de cálculo |  | 1191211.2105468793 | 1196744.201729423 | 1202277.192911966 | 1207810.1840945093 | 1213343.175277053 | 1218871.6967999234 | 1223679.434370535 | 1228487.1719411467 | 1233294.9095117582 | 1238102.64708237 | 1242901.555890589 | 1245680.3206713395 | 1248459.0854520898 | 1251237.8502328403 | 1254016.6150135912 | 1256808.5781886876 | 1257925.4719098327 | 1259042.3656309776 | 1260159.2593521227 | 1261276.1530732675 | 1262396.4793245734 | 1263513.3730457185 | 1264630.2667668634 | 1265747.1604880085 | 1266864.0542091532 | 1267980.9479302983 | 1269097.8416514432 | 1270214.7353725883 | 1271331.6290937332 | 1272448.5228148783
 |  |  |  | Imposto de Renda
 |  |  |  | Provisão IRPJ |  | -273802.80263671983 | -275186.0504323557 | -276569.2982279915 | -277952.54602362734 | -279335.7938192632 | -280717.92419998086 | -281919.85859263374 | -283121.7929852867 | -284323.72737793956 | -285525.6617705925 | -286725.38897264726 | -287420.0801678349 | -288114.77136302245 | -288809.46255821007 | -289504.1537533978 | -290202.1445471719 | -290481.36797745817 | -290760.5914077444 | -291039.81483803067 | -291319.0382683169 | -291599.11983114335 | -291878.34326142963 | -292157.56669171585 | -292436.79012200213 | -292716.0135522883 | -292995.23698257457 | -293274.4604128608 | -293553.68384314707 | -293832.9072734333 | -294112.13070371957
 |  |  |  | CSLL | 0.09
 |  |  |  | Provisão CSLL |  | -107209.00894921913 | -107706.97815564806 | -108204.94736207694 | -108702.91656850584 | -109200.88577493475 | -109698.4527119931 | -110131.14909334814 | -110563.8454747032 | -110996.54185605823 | -111429.2382374133 | -111861.14003015301 | -112111.22886042055 | -112361.31769068808 | -112611.40652095563 | -112861.4953512232 | -113112.77203698187 | -113213.29247188494 | -113313.81290678798 | -113414.33334169103 | -113514.85377659407 | -113615.6831392116 | -113716.20357411467 | -113816.72400901771 | -113917.24444392076 | -114017.76487882379 | -114118.28531372684 | -114218.80574862988 | -114319.32618353295 | -114419.84661843599 | -114520.36705333904
 |  | Somatório dos impostos |  |  |  | 607838.5278373752 | 610723.5253152722 | 613608.5227931688 | 616493.5202710656 | 619378.5177489625 | 622261.8891232773 | 624740.3932311279 | 627218.8973389786 | 629697.4014468291 | 632175.9055546798 | 634649.734385022 | 636055.1755133809 | 637460.6166417397 | 638866.0577700988 | 640271.498898458 | 641683.4085479747 | 642210.105990167 | 642736.8034323592 | 643263.5008745516 | 643790.1983167438 | 644319.3621595238 | 644846.0596017161 | 645372.7570439084 | 645899.4544861006 | 646426.1519282928 | 646952.8493704852 | 647479.5468126773 | 648006.2442548698 | 648532.941697062 | 649059.6391392543
 |  | ¹ A alíquota (ISSQN) varia conforme o município. Fonte de dados alíquotas por município:
 |  | Arapuá -  Lei Complementar N° 007/2018 - Anexo I - item 7.09 - Arapuá/MG.
 |  | Coromandel -  Lei Complementar N° 124/2013, artigo 240, 7.09 e artigo 286, I. - Coromandel/MG.
 |  | Cruzeiro da Fortaleza -  Lei Complementar N° 1.057/2013 - Anexo II, 7.09, artigo 127, b.  - Cruzeiro da Fortaleza.
 |  | Guimarânia -  Lei N° 1.376/2017, Tabela 1, item 7.09 - Guimarânia.
 |  | Lagamar - Lei N° 1.418/2017, Lista de Serviços, Item 7.09 - Lagamar/MG.
 |  | Lagoa Formosa - Lei N° 2/97 - Artigo 167, Tabela II,  Lagoa Formosa/MG.
 |  | Patos de Minas -   item 7.10 - Anexo I - Lei Complementar N° 204, de 22 de dezembro de 2003 - Patos de Minas/MG.
 |  | Presidente Olegário - Lei Complementar N° 67, de 4/12/2017, Anexo II - Lista de Serviços, item 7.09. Presidente Olegário/MG.
 |  | Rio Paranaíba - Lei Complementar N° 83/2018. Tabela II - item 7.9. Rio Paranaíba/MG.
 |  | São Gonçalo do Abaeté - Lei Complementar n° 1830/2021. Anexo I, Tabela I, Lei Complementar n° 1830/2021.
 |  | São Gotardo - Lei n° 1.369/1998 - Tabela II - Item 12 - São Gotardo/MG.
 |  | Serra do Salitre - Lei Complementar N° 937/2017, de 26/12/2017, Tabela I item 7.9 Serra do Salitre/MG.
 |  | Tiros - Lei Complementar n° 1210/2009, art. 128. Anexo I, art. 135, Lei Complementar n° 1.210/2009.
[36 linhas]
