

===== PLANILHA: Sheet1 =====
 | RESUMO DOS SETORES COLETA INDIFERENCIADA URBANA E RURAL
 |  |  |  |  |  |  |  |  |  |  |  |  |  |  |  |  |  |  |  |  |  |  | MÃO DE OBRA
 | TRANSBORDO | SETOR | ZONA DE COLETA | CONTEINERES 1.000 LITROS | NÚMERO DE VIAGEM | KM SETOR | KM TRAJETO | KM TRAJETO TOTAL | KM TOTAL DIA | KM TOTAL MÊS | COMPACTADOPR DE 15M³ - DIURNO |  |  |  |  |  | COMPACTADOPR DE 15M³ - NOTURNO |  |  |  |  |  | Urbano / Rural
 |  |  |  |  |  |  |  |  |  |  | PERÍODO DIURNO - DIAS DE COLETA  |  |  |  |  |  | PERÍODO DIURNO - DIAS DE COLETA  |  |  |  |  |  | Motorista |  |  |  | Coletor
 |  |  |  |  |  |  |  |  |  |  | SEG | TER | QUA | QUI | SEX | SAB | SEG | TER | QUA | QUI | SEX | SAB | DIU | NOT | RES | TOT | DIU | NOT | RES | TOT
 | Rio Paranaiba | 1-A-ARAPUA-U-R-2-4-6-D | Urbano e rural | 2 | 1 | 61.756335 | 91.09 | 91.09 | 152.846335 | 1993.1162084 | 1 |  | 1 |  | 1 |  |  |  |  |  |  |  | 0.5 |  |  | 0.5 | 1.5 |  |  | 1.5
 |  | 1-B-R-Paranaiba-U-3-5-S-D | Urbano |  | 1.5 | 42.172147 | 31.85 | 47.775000000000006 | 89.947147 | 1172.91079688 |  | 1 |  | 1 |  | 1 |  |  |  |  |  |  | 0.5 |  |  | 0.5 | 1.5 |  |  | 1.5
 |  | 2-A-R-Paranaiba-U-2-4-6-D | Urbano |  | 1.5 | 41.811435 | 31.85 | 47.775000000000006 | 89.58643500000001 | 1168.2071124000001 | 1 |  | 1 |  | 1 |  |  |  |  |  |  |  | 0.5 |  |  | 0.5 | 1.5 |  |  | 1.5
 |  | 2-B-Serra Salite-U-3-5-S-D | Urbano |  | 1.5 | 58.27349 | 88.12 | 132.18 | 190.45349000000002 | 2483.5135096 |  | 1 |  | 1 |  | 1 |  |  |  |  |  |  | 0.5 |  |  | 0.5 | 1.5 |  |  | 1.5
 |  | 3-C-Rio Paranaiba-R-2-5-D | Rural | 11 | 1 | 127.490351 | 31.85 | 31.85 | 159.340351 | 2077.7981770399997 | 1 |  |  | 1 |  |  |  |  |  |  |  |  | 3 |  |  | 3 | 6 |  |  | 6
 |  | 3-D-Rio Paranaiba-R-3-6-D | Rural |  | 1 | 127.581468 | 31.85 | 31.85 | 159.431468 | 2078.98634272 |  | 1 |  |  | 1
 |  | 3-E-Rio Paranaiba-R-4-S-D | Rural |  | 1 | 131.258567 | 31.85 | 31.85 | 163.108567 | 2126.93571368 |  |  | 1 |  |  | 1
 |  | 4-C-Rio Paranaiba-R-2-5-D | Rural |  | 1 | 127.030914 | 31.85 | 31.85 | 158.880914 | 2071.8071185599997 | 1 |  |  | 1
 |  | 4-D-Rio Paranaiba-R-3-6-D | Rural |  | 1 | 138.893446 | 31.85 | 31.85 | 170.743446 | 2226.49453584 |  | 1 |  |  | 1
 |  | 4-E-Serra Salite-R-4-S-D | Rural | 9 | 1 | 120.845461 | 88.12 | 88.12 | 208.965461 | 2724.90961144 |  |  | 1 |  |  | 1
 |  | 5-C-Serra Salite-R-2-5-D | Rural |  | 1 | 125.683446 | 88.12 | 88.12 | 213.803446 | 2787.99693584 | 1 |  |  | 1
 |  | 5-D-Serra Salite-R-3-6-D | Rural |  | 1 | 125.468043 | 88.12 | 88.12 | 213.588043 | 2785.18808072 |  | 1 |  |  | 1
 |  | 5-E-Serra Salite-R-4-S-D | Rural |  | 1 | 121.301765 | 88.12 | 88.12 | 209.421765 | 2730.8598156 |  |  | 1 |  |  | 1
 | Total de Compactador Transbordo Rio Paranaiba |  |  | 22 |  | 1349.5668679999999 |  |  |  | 28428.723958720006 | 5 | 5 | 5 | 5 | 5 | 5 |  |  |  |  |  |  | 5 |  |  | 5 | 12 |  |  | 12
 | Coromandel | 6-A-Coromandel-U-2-4-6-D | Urbano |  | 1.5 | 40.402896 | 7.26 | 10.89 | 51.292896 | 668.8593638399999 | 1 |  | 1 |  | 1 |  |  |  |  |  |  |  | 0.5 |  |  | 0.5 | 1.5 |  |  | 1.5
 |  | 6-B-Coromandel-U-3-5-S-D | Urbano |  | 1.5 | 40.162242 | 7.26 | 10.89 | 51.052242 | 665.72123568 |  | 1 |  | 1 |  | 1 |  |  |  |  |  |  | 0.5 |  |  | 0.5 | 1.5 |  |  | 1.5
 |  | 7-A-Coromandel-U-2-4-6-D | Urbano |  | 1.5 | 39.058091 | 7.26 | 10.89 | 49.948091 | 651.3231066399999 | 1 |  | 1 |  | 1 |  |  |  |  |  |  |  | 0.5 |  |  | 0.5 | 1.5 |  |  | 1.5
 |  | 7-B-Coromandel-U-3-5-S-D | Urbano |  | 1.5 | 39.665608 | 7.26 | 10.89 | 50.555608 | 659.2451283199999 |  | 1 |  | 1 |  | 1 |  |  |  |  |  |  | 0.5 |  |  | 0.5 | 1.5 |  |  | 1.5
 |  | 8-C-Coromandel-R-2-5-D | Rural | 15 | 1 | 121.35833 | 7.26 | 7.26 | 128.61833 | 1677.1830231999998 | 1 |  |  | 1 |  |  |  |  |  |  |  |  | 1 |  |  | 1 | 2 |  |  | 2
 |  | 8-D-Coromandel-R-3-6-D | Rural |  | 1 | 125.737912 | 7.26 | 7.26 | 132.99791199999999 | 1734.2927724799997 |  | 1 |  |  | 1
 |  | 8-E-Coromandel-R-4-S-D | Rural |  | 1 | 124.104185 | 7.26 | 7.26 | 131.364185 | 1712.9889723999997 |  |  | 1 |  |  | 1
 | Total de Compactador Transbordo Rio Paranaiba |  |  | 15 |  | 530.4892639999999 |  |  |  | 7769.613602559998 | 3 | 3 | 3 | 3 | 3 | 3 |  |  |  |  |  |  | 3 |  |  | 3 | 8 |  |  | 8
 | Aterro Patos de Minas | 9-A-GUIMARANIA-U-R-2-4-6-D | Urbano e rural | 5 | 1.5 | 73.348784 | 52.28 | 78.42 | 151.76878399999998 | 1979.0649433599997 | 1 |  | 1 |  | 1 |  |  |  |  |  |  |  | 0.5 |  |  | 0.5 | 1.5 |  |  | 1.5
 |  | 9-B-Cruzeiro da Fortaleza-U-R-3-5-S-D | Urbano e rural | 2 | 1 | 80.44789 | 74.67 | 74.67 | 155.11789 | 2022.7372855999997 |  | 1 |  | 1 |  | 1 |  |  |  |  |  |  | 0.5 |  |  | 0.5 | 1.5 |  |  | 1.5
 |  | 10-Patos-Minas-U-DN | Urbano |  | 1 | 12.226593 | 50.13 | 50.13 | 62.356593000000004 | 1626.25994544 |  |  |  |  |  |  | 1 | 1 | 1 | 1 | 1 | 1 |  | 1 |  | 1 |  | 3 |  | 3
 |  | 10-A-Patos-Minas-U-2-4-6-N | Urbano |  | 1 | 20.211489 | 50.13 | 50.13 | 70.341489 | 917.2530165599999 |  |  |  |  |  |  | 1 |  | 1 |  | 1 |  |  | 0.5 |  | 0.5 |  | 1.5 |  | 1.5
 |  | 10-B-Patos-Minas-U-3-5-S-N | Urbano |  | 1 | 19.453462 | 50.13 | 50.13 | 69.583462 | 907.3683444799999 |  |  |  |  |  |  |  | 1 |  | 1 |  | 1 |  | 0.5 |  | 0.5 |  | 1.5 |  | 1.5
 |  | 11-A-Patos-Minas-U-2-4-6-N | Urbano |  | 2 | 27.832596 | 50.13 | 100.26 | 128.09259600000001 | 1670.32745184 |  |  |  |  |  |  | 1 |  | 1 |  | 1 |  |  | 0.5 |  | 0.5 |  | 1.5 |  | 1.5
 |  | 11-B-Patos-Minas-U-3-5-S-N | Urbano |  | 2 | 28.325312 | 50.13 | 100.26 | 128.58531200000002 | 1676.75246848 |  |  |  |  |  |  |  | 1 |  | 1 |  | 1 |  | 0.5 |  | 0.5 |  | 1.5 |  | 1.5
 |  | 12-A-Patos-Minas-U-2-4-6-D | Urbano |  | 1.5 | 29.777171 | 50.13 | 75.19500000000001 | 104.972171 | 1368.83710984 | 1 |  | 1 |  | 1 |  |  |  |  |  |  |  | 0.5 |  |  | 0.5 | 1.5 |  |  | 1.5
 |  | 12-B-Patos-Minas-U-3-5-S-D | Urbano |  | 1.5 | 28.07128 | 50.13 | 75.19500000000001 | 103.26628000000001 | 1346.5922912 |  | 1 |  | 1 |  | 1 |  |  |  |  |  |  | 0.5 |  |  | 0.5 | 1.5 |  |  | 1.5
 |  | 13-A-Patos-Minas-U-2-4-6-D | Urbano |  | 1.5 | 28.436117 | 50.13 | 75.19500000000001 | 103.631117 | 1351.34976568 | 1 |  | 1 |  | 1 |  |  |  |  |  |  |  | 0.5 |  |  | 0.5 | 1.5 |  |  | 1.5
 |  | 13-B-Patos-Minas-U-3-5-S-D | Urbano |  | 1.5 | 27.634151 | 50.13 | 75.19500000000001 | 102.82915100000001 | 1340.89212904 |  | 1 |  | 1 |  | 1 |  |  |  |  |  |  | 0.5 |  |  | 0.5 | 1.5 |  |  | 1.5
 |  | 14-A-Patos-Minas-U-2-4-6-D | Urbano |  | 1.5 | 28.070177 | 50.13 | 75.19500000000001 | 103.26517700000001 | 1346.57790808 | 1 |  | 1 |  | 1 |  |  |  |  |  |  |  | 0.5 |  |  | 0.5 | 1.5 |  |  | 1.5
 |  | 14-B-Patos-Minas-U-3-5-S-D | Urbano |  | 1.5 | 30.829951 | 50.13 | 75.19500000000001 | 106.02495100000002 | 1382.5653610400002 |  | 1 |  | 1 |  | 1 |  |  |  |  |  |  | 0.5 |  |  | 0.5 | 1.5 |  |  | 1.5
 |  | 15-A-Patos-Minas-U-2-4-6-D | Urbano |  | 1.5 | 31.624987 | 50.13 | 75.19500000000001 | 106.81998700000001 | 1392.9326304800002 | 1 |  | 1 |  | 1 |  |  |  |  |  |  |  | 0.5 |  |  | 0.5 | 1.5 |  |  | 1.5
 |  | 15-B-Patos-Minas-U-3-5-S-D | Urbano |  | 1.5 | 29.739119 | 50.13 | 75.19500000000001 | 104.93411900000001 | 1368.34091176 |  | 1 |  | 1 |  | 1 |  |  |  |  |  |  | 0.5 |  |  | 0.5 | 1.5 |  |  | 1.5
 |  | 16-A-Patos-Minas-U-2-4-6-D | Urbano |  | 1.5 | 31.376859 | 50.13 | 75.19500000000001 | 106.571859 | 1389.69704136 | 1 |  | 1 |  | 1 |  |  |  |  |  |  |  | 0.5 |  |  | 0.5 | 1.5 |  |  | 1.5
 |  | 16-B-Patos-Minas-U-3-5-S-D | Urbano |  | 1.5 | 32.568571 | 50.13 | 75.19500000000001 | 107.76357100000001 | 1405.23696584 |  | 1 |  | 1 |  | 1 |  |  |  |  |  |  | 0.5 |  |  | 0.5 | 1.5 |  |  | 1.5
 |  | 17-A-Patos-Minas-U-2-4-6-D | Urbano |  | 1.5 | 30.854454 | 50.13 | 75.19500000000001 | 106.04945400000001 | 1382.88488016 | 1 |  | 1 |  | 1 |  |  |  |  |  |  |  | 0.5 |  |  | 0.5 | 1.5 |  |  | 1.5
 |  | 17-B-Patos-Minas-U-3-5-S-D | Urbano |  | 1.5 | 30.194818 | 50.13 | 75.19500000000001 | 105.389818 | 1374.28322672 |  | 1 |  | 1 |  | 1 |  |  |  |  |  |  | 0.5 |  |  | 0.5 | 1.5 |  |  | 1.5
 |  | 18-A-Patos-Minas-U-2-4-6-D | Urbano |  | 1.5 | 35.121756 | 50.13 | 75.19500000000001 | 110.316756 | 1438.5304982399998 | 1 |  | 1 |  | 1 |  |  |  |  |  |  |  | 0.5 |  |  | 0.5 | 1.5 |  |  | 1.5
 |  | 18-B-Patos-Minas-U-3-5-S-D | Urbano |  | 1.5 | 32.409685 | 50.13 | 75.19500000000001 | 107.60468500000002 | 1403.1650924 |  | 1 |  | 1 |  | 1 |  |  |  |  |  |  | 0.5 |  |  | 0.5 | 1.5 |  |  | 1.5
 |  | 19-A-Patos-Minas-U-2-4-6-D | Urbano |  | 1.5 | 31.755017 | 50.13 | 75.19500000000001 | 106.950017 | 1394.62822168 | 1 |  | 1 |  | 1 |  |  |  |  |  |  |  | 0.5 |  |  | 0.5 | 1.5 |  |  | 1.5
 |  | 19-B-Patos-Minas-U-3-5-S-D | Urbano |  | 1.5 | 30.434445 | 50.13 | 75.19500000000001 | 105.629445 | 1377.4079628 |  | 1 |  | 1 |  | 1 |  |  |  |  |  |  | 0.5 |  |  | 0.5 | 1.5 |  |  | 1.5
 |  | 20-A-Patos-Minas-U-2-4-6-D | Urbano |  | 1.5 | 30.178936 | 50.13 | 75.19500000000001 | 105.37393600000001 | 1374.0761254400002 | 1 |  | 1 |  | 1 |  |  |  |  |  |  |  | 0.5 |  |  | 0.5 | 1.5 |  |  | 1.5
 |  | 20-B-Patos-Minas-U-3-5-S-D | Urbano |  | 1.5 | 31.081966 | 50.13 | 75.19500000000001 | 106.27696600000002 | 1385.8516366400002 |  | 1 |  | 1 |  | 1 |  |  |  |  |  |  | 0.5 |  |  | 0.5 | 1.5 |  |  | 1.5
 |  | 21-A-Patos-Minas-U-2-4-6-D | Urbano |  | 1.5 | 30.476671 | 50.13 | 75.19500000000001 | 105.671671 | 1377.95858984 | 1 |  | 1 |  | 1 |  |  |  |  |  |  |  | 0.5 |  |  | 0.5 | 1.5 |  |  | 1.5
 |  | 21-B-Patos-Minas-U-3-5-S-D | Urbano |  | 1.5 | 32.857821 | 50.13 | 75.19500000000001 | 108.05282100000001 | 1409.00878584 |  | 1 |  | 1 |  | 1 |  |  |  |  |  |  | 0.5 |  |  | 0.5 | 1.5 |  |  | 1.5
 |  | 22-A-Patos-Minas-U-2-4-6-D | Urbano |  | 1.5 | 34.276407 | 50.13 | 75.19500000000001 | 109.471407 | 1427.5071472799998 | 1 |  | 1 |  | 1 |  |  |  |  |  |  |  | 0.5 |  |  | 0.5 | 1.5 |  |  | 1.5
 |  | 22-B-Lagoa Formosa-U-3-5-S-D | Urbano |  | 2 | 29.992993 | 80.22 | 160.44 | 190.432993 | 2483.24622872 |  | 1 |  | 1 |  | 1 |  |  |  |  |  |  | 0.5 |  |  | 0.5 | 1.5 |  |  | 1.5
 |  | 23-A-Lagoa Formosa-U-2-4-6-D | Urbano |  | 2 | 33.498697 | 80.22 | 160.44 | 193.938697 | 2528.9606088799997 | 1 |  | 1 |  | 1 |  |  |  |  |  |  |  | 0.5 |  |  | 0.5 | 1.5 |  |  | 1.5
 |  | 23-B-Lagoa Formosa-U-3-5-S-D | Urbano |  | 2 | 33.039587 | 80.22 | 160.44 | 193.47958699999998 | 2522.9738144799994 |  | 1 |  | 1 |  | 1 |  |  |  |  |  |  | 0.5 |  |  | 0.5 | 1.5 |  |  | 1.5
 |  | 24-C-Patos-Minas-R-2-5-D | Rural | 38 | 1 | 113.6396 | 50.13 | 50.13 | 163.7696 | 2135.5555839999997 | 1 |  |  | 1 |  |  |  |  |  |  |  |  | 4 |  |  | 4 | 8 |  |  | 8
 |  | 24-D-Patos-Minas-R-3-6-D | Rural |  | 1 | 114.27937 | 50.13 | 50.13 | 164.40937 | 2143.8981848 |  | 1 |  |  | 1
 |  | 24-E-Patos-Minas-R-4-S-D | Rural |  | 1 | 119.109268 | 50.13 | 50.13 | 169.239268 | 2206.88005472 |  |  | 1 |  |  | 1
 |  | 25-C-Patos-Minas-R-2-5-D | Rural |  | 1 | 111.708508 | 50.13 | 50.13 | 161.838508 | 2110.3741443199997 | 1 |  |  | 1
 |  | 25-D-Patos-Minas-R-3-6-D | Rural |  | 1 | 120.246583 | 50.13 | 50.13 | 170.376583 | 2221.71064232 |  | 1 |  |  | 1
 |  | 25-E-Patos-Minas-R-4-S-D | Rural |  | 1 | 119.920225 | 50.13 | 50.13 | 170.050225 | 2217.454934 |  |  | 1 |  |  | 1
 |  | 26-C-Patos-Minas-R-2-5-D | Rural |  | 1 | 114.862514 | 50.13 | 50.13 | 164.992514 | 2151.5023825599997 | 1 |  |  | 1
 |  | 26-D-Patos-Minas-R-3-6-D | Rural |  | 1 | 115.98917 | 50.13 | 50.13 | 166.11917 | 2166.1939767999997 |  | 1 |  |  | 1
 |  | 26-E-Patos-Minas-R-4-S-D | Rural |  | 1 | 115.690469 | 50.13 | 50.13 | 165.820469 | 2162.29891576 |  |  | 1 |  |  | 1
 |  | 27-C-Lagoa Formosa-R-2-5-D | Rural | 12 | 1 | 114.382224 | 80.22 | 80.22 | 194.60222399999998 | 2537.6130009599997 | 1 |  |  | 1
 |  | 27-D-Lagoa Formosa-R-3-6-D | Rural |  | 1 | 111.754568 | 80.22 | 80.22 | 191.974568 | 2503.34836672 |  | 1 |  |  | 1
 | Aterro Patos de Minas |  |  | 57 |  | 2277.7302609999997 |  |  |  | 71930.09857616 | 17 | 17 | 16 | 17 | 17 | 16 | 3 | 3 | 3 | 3 | 3 | 3 | 17 | 3 | 0 | 20 | 47 | 9 | 0 | 56
 | COMPACTADOR DE 15 M³ - TOTAL |  |  |  |  | 4157.786392999999 |  |  |  |  | 25 | 25 | 24 | 25 | 25 | 24 | 3 | 3 | 3 | 3 | 3 | 3 | 25 | 3 | 0 | 28 | 67 | 9 | 0 | 76
 |  |  |  | 296.64
 |  | COLETA DIÁRIA  | 26.08 | #DIV/0! | 26.08
 |  | COLETA 3 VEZES NA SEMANA |  |  | 13.04
 |  | COLETA 2 VEZES NA SEMANA |  |  | 8.693333333333333
 |  |  |  | 2
 |  |  |  | 2
 |  |  |  | 1
 |  |  |  | 1
 |  |  |  | 1
 |  |  |  | 1
 |  |  |  | 1.3333333333333333
[82 linhas]
